000000000000
0006A7000000
000000000000
001000000000
100000010000
000000000400
100000000500
0000D0000000
0230F0000080
0000F00400A0
0000E0050090
000000000000

006A70100000
000000004000
102300005000
000000000000
000000BFFC00
000000000000
000000000000
400000000000
5000006A7000
001000000000
000000000100
000000000000

000000000000
6A7000D00000
000000F04000
6A7010F05000
000000E00000
000000000400
000230000500
000000000000
000000000000
000000000000
010010000000
000000000010

006A70000080
0000000000A0
000000000090
000040000000
04005000D000
05000000F000
00000000F000
00000000E001
000230000000
000000000010
001000000000
000010000000

000000000100
230000000001
00006A700000
000000000000
000001002300
000100000000
000000000000
0BFFC0000004
000000000005
000000000000
000006A70000
000000000000

000000023000
000000000000
000000000000
00000BFFC040
100000000050
000001000000
000000000001
000002300800
000000000A00
000000000900
00006A700000
000000001000

06A700000000
0000006A7000
000000000000
000000000000
00D004000000
00F005040000
00F000050000
00E000000001
100000000000
000400000000
000500100100
000000000000

000000000000
040000230008
05001000000A
000000000009
000006A70000
000000000000
0000BFFC0000
100000000000
000000000001
000000000100
000230000000
000000000000

000000000000
010BFFC00000
000000000000
000000000800
004000000A00
005000000900
100000000000
000000000100
6A7000000000
000010004040
000000005050
000000000000

000000006A70
004040000000
005050000000
000000000000
000000000000
000000000800
00D010000A00
00F000000900
00F010000000
00E000000100
100000000000
000230000000

000001000100
000000000000
000000006A70
023000000000
000001000000
000000000000
0BFFC0000040
000000000050
6A7000000000
000001000000
000000023000
000000000000

000023000008
10000000010A
000000400009
001000500000
000000000000
000080000000
0400A0000000
050090000000
000000000000
000000000001
000000000000
0000000BFFC0

000000000000
008000000000
10A001023010
009000000000
0000000D0000
0000000F0000
0040040F0000
0050050E0100
000000000000
000000000000
000000000000
00006A700000

000000000000
010800000000
000A00000000
010900040000
000000050100
0BFFC0000008
00000000000A
000000000009
000000230000
400000000000
500000000001
000000000000

000000000000
040008000001
05000A000000
000009000000
000000040000
00000D050000
00010F000000
00000F000000
00100E000000
400000006A70
500010000000
000000000000

000230000001
000000000000
400000010100
5006A7000000
000000023000
000000000000
0000800BFFC0
0000A0000000
000090000000
000000000000
000000000000
000100000000

100000000001
000000800000
002300A00000
000000900001
000000000000
000800000000
000A00002300
000900000000
000000000000
000000023000
000000000000
0100BFFC0000

000000000000
000006A70100
000000000000
000000000040
001004010050
000005000000
080100000000
0A0000000000
090000000000
000023000000
000000000000
0BFFC0000000

000001006A70
000000000000
000000000000
0000000BFFC0
000000000000
000400040000
000500050040
080000000050
0A0000010000
090000000000
000000000000
001000001000

000400000000
000500000000
00000000D000
00000230F000
00000000F000
04000000E000
050000000000
00006A700000
000000000000
001000006A70
100010000000
000000000100

000000100010
000000000000
00002300000D
01000000000F
00000000080F
000010000A0E
000000000900
000000080000
0000000A0000
000400090000
000500000000
230000000000

000000001000
000000100000
000040002300
000050000000
000000000000
0000006A7000
000010000000
230000BFFC00
000000000000
000000000000
006A70000000
000000000001

000040000001
001050000000
000000000000
000000000000
000010000000
230000000000
0000BFFC0000
000000000080
0010000000A0
000000000090
000000000000
00006A702300

000000010000
6A7000000000
000000000001
000000000000
000000000000
000002300800
0D0000000A00
0F0000400900
0F0010500000
0E0000000230
000010000000
000000000000

000000010000
000000000000
00000D000001
00000F000000
00000F023000
00080E000000
000A00000000
400901008000
50000000A000
000000009000
002301000000
000000000000

06A700000400
00000D000500
02300F000000
00000F000000
01000E000000
000000006A70
000000000000
001004000000
000005000000
000000000000
100000000000
000000000001

000000100000
001000000000
000000230000
023000000000
000000000000
000000000008
00000000230A
100000000009
000000000000
BFFC00000000
0000006A7000
000010000000

230100000000
000000000000
00040006A700
000500000000
010000080000
0000000A0000
BFFC00090000
000000000000
000000040000
010000050000
000000000001
000000000000

000000001000
0100000000D0
0000000000F0
0000000080F0
02300000A0E0
000010809000
000000A00000
000000900000
000000001000
000000000040
000000000050
023000000000

000000000000
000008000000
00000A00000D
00000900000F
00000000400F
01000000500E
000008000000
00010A000100
000009040000
010000050000
000230000000
000000000000

006A70001000
000000000000
000000000000
000000000000
230000000000
000080000100
0000A0000000
04009000D000
05000000F010
00023000F000
00000010E000
000000000000

000000010000
000000000000
0006A7000000
000000000000
001040000000
000050D00000
000000F00100
000000F00008
000000E0000A
000000002309
010000000000
000002300000

000000000000
06A702300000
000000000000
100000023080
0000000000A0
00BFFC040090
000000050000
000000000000
000000000100
000000100001
000000000000
000000000000

000000001004
100000000005
000000000000
0001000D0000
0000000F0000
8000000F0000
A000230E0008
90000000000A
000000001009
000000000000
000000023000
000000000000

000000000000
230000000D00
000000000F00
000000400F00
6A7000500E00
000010000000
100000000400
000000100500
000000000000
000000000000
6A7000000000
000001000000

000080000000
0000A0000000
000090000000
000000000100
010800100000
000A00000000
040900000040
050000000050
000000000000
00BFFC000000
000000000000
002300001000

000000010000
400000000000
500230000000
000000000000
0000006A7000
040000000000
050080001000
0000A0000010
000090100000
000000000000
000000000000
000000BFFC00

000000000000
000000006A70
023000000000
000000000D00
000023000F01
000000000F00
000000000E00
000000000000
000000000010
040000000000
05000006A700
000100000001

00000000D000
00000000F001
10100010F000
00000000E000
00006A700000
080000000040
0A0000000050
090000004000
000002305000
000000000000
000000000000
000000000000

000000000000
000000000000
000010000040
000000010050
000000000000
000000000004
0100400D0005
0000500F0000
0000000F0000
0000000E0000
006A70000000
100000006A70

000230000100
400000000000
500D00000010
000F00000000
000F00000000
000E00000000
000000000000
004000000000
0050106A7001
000000000000
000000006A70
000000000000

023000000000
000000001000
000080000000
0040A00000D0
0050900000F0
0000000000F0
0010000000E0
000000000000
6A7000004000
000000005000
000000000000
000000100010

000000000000
8004006A7000
A00500000000
900000000001
000BFFC00000
000000000001
001000000000
000010000000
000000000000
000000000000
000000000000
023000000230

000000000000
000001023000
000000000000
000000000001
000000000000
10000006A70D
00000000000F
00023002300F
00000000000E
000000000000
000000000001
06A700000000

101000000000
000000004000
000000005000
0006A7000000
000000000010
000000000000
0BFFC0023000
000000000000
000000010000
000000000000
00000006A700
023000000000

000000000000
004000000010
005000000000
000000023000
000000000000
08000BFFC000
0A0000000000
090100800000
000000A00000
000000901040
000000000050
000000010000

000000000000
000100080000
00000D0A0000
00000F090000
00100F000000
00000E000230
000000000000
6A7000040000
000000050000
100000000000
000023000100
000000000000

000000000000
001000000000
000000100000
0D0000008000
0F000000A000
0F0000009000
0E0000000000
000000040010
000000050000
040000000040
0501006A7050
000000000000

000000006A70
000000000000
000100000000
000000002300
000000000000
0006A7000040
000000000050
0000BFFC0000
000000000000
000000004010
010000105000
000000000000

1000D0000000
0000F0001000
0000F0000080
0000E00000A0
000000000090
000000000000
800000230000
A00230000000
900000000000
000000004010
000000005000
100000000000

010000000000
000010001080
0000000000A0
000000000090
230000040000
000040050000
000050000000
000000000000
000800000000
000A00010000
000900000000
000000BFFC00

230008000000
00000A000230
000009000000
00000000000D
00002300000F
00000000010F
00010000000E
000000000000
000000010000
0006A7000000
000000000000
000000010000

100000000000
000000100080
00004000D0A0
00005000F090
00000000F000
00000000E010
000000000000
000006A70000
000000000000
000000400001
230000500000
000000000000

000000001000
000000000010
000008000000
00400A000000
005009002300
000000000000
000000000000
0230001080D0
00000000A0F0
0000000090F0
0000000000E0
000000010000

000000000080
0000000000A0
230100000090
000000000000
0D0008000000
0F000A000000
0F0009000000
0E0000000000
000100000000
000000000040
000000000050
001010230000

000000230800
000000000A00
000000000900
000000400000
010000501000
000000000000
0000230000D0
0000000000F0
0000006A70F0
0000000000E0
000001000000
000000010000

000000000100
000000000001
002300000000
000000000000
040010100000
050000000000
000000000000
23000D080000
00000F0A0000
00000F090000
00000E000000
000000006A70

000000000000
000230000000
000000080000
0100000A0010
000001090000
000000000000
006A70000000
000000000000
000023000000
010000000040
000000000050
BFFC00000000

230000010004
000000000005
010400010000
000500000000
000000000000
000000000000
00000000000D
00001000000F
00000008000F
0000000A000E
000000090000
06A700000000

0000BFFC0000
000000000000
000080000000
0000A0001000
000090000000
100000000000
002300080000
0000000A0000
000000090000
000100000000
000000000000
010002300230

00006A700000
000000000000
00006A700000
001000000004
000000001005
000104000000
0000050BFFC0
000000000000
000000100000
000000004000
000000005000
000000000000

000006A70100
000000000000
000000000000
230000400000
000100500000
100000000000
00D000000000
00F06A700401
00F000000500
00E000000000
000000000000
000000000000

000000000000
D00000000000
F00000010000
F00400000000
E00508010000
00000A000000
040009000000
050000010800
000000000A00
000000000900
000000000000
102300000000

106A70010000
000000000000
000001000000
023000000000
000000000000
000000000000
000000230040
6A7000000050
000000000000
000000000010
0000BFFC0000
000000000000

000000000000
000000000000
000000000000
000000000000
000000040000
000000050001
6A7000000800
0000D0000A00
0000F0000904
2300F0000005
0000E0010000
100000000100

000000000000
00008001000D
0000A000000F
00009001000F
00000000000E
400000000000
500080000000
0000A0040000
000090050230
000000000000
000000000001
000001000000

000001000000
000000040040
000000050050
000800000000
000A00000000
000900000800
000000000A00
0010BFFC0900
000000000000
000000004000
001010005000
000000000000

00000D000000
00000F000000
10000F000000
00400E000040
005000000050
000000100000
100000000080
0000000000A0
000000000090
000000001000
000000000000
6A7002300000

000000001000
000008000000
00000A000000
230009000000
000000000000
001000230000
000000000000
000000008001
02300000A000
000000009000
BFFC00000010
000000000000

010000000080
0000000000A0
000100000090
010000023000
000000000000
0000000BFFC0
000000000000
000000000000
023000000000
000000002300
006A70000001
000000000000

000000000000
00000006A700
400000000000
5000D0100000
0000F0000000
0000F0000000
0000E0040001
008000050000
00A000000230
009000000000
000000000000
000000100001

010001000000
000000000000
00000000D004
0006A700F005
10000000F000
00000000E000
004000000000
00506A700000
000000000000
000000000000
000000023001
000000000000

000D00400000
230F00500000
000F00000100
000E00000000
000000000100
000000000008
00000000000A
000000000009
000008000000
00000A023010
000009000000
001000000000

000000008010
00000000A000
000000009000
000100000000
000000000000
001000023000
D00000000040
F00000000050
F00000000000
E00100000000
0000006A7000
000230000000

000000D00000
000040F00000
000050F00000
000000E00000
010400000108
00050000000A
000000010009
000001000400
800000000500
A00000000000
900000000000
000000000000

0000000BFFC0
000000000000
000100000000
100008000001
00000A000000
000009010400
000000000504
040006A70005
050000000000
000000000000
000000000000
000000000000

000000000001
0000BFFC0000
000000000000
006A70000000
000000001000
400000000000
500000000000
000000001000
000000000000
000000000230
000000000000
06A700230010

000000002300
000000000000
000000000000
230000000000
00001006A700
000000000000
230100000000
00000D000000
00000F000000
00000F000000
00000E010100
6A7000000000

000001010000
000000000800
000000000A00
000040040900
000050050000
000000000000
1000006A7001
000000000000
BFFC00000000
000000000004
000000000005
000000000000

000000000001
000000000000
000000000000
000D00008000
040F0000A000
050F00009004
000E00000005
000000000000
06A701000000
000000000100
000000000000
000023010000

000000230010
000230000000
000000000000
0006A7000000
000000010000
000000000000
000000000000
230000BFFC00
000000000000
000100000000
0000006A7000
000100000000

000010400000
000000500000
000000002300
000000000000
000000006A70
002300000000
000000800000
0000D0A00100
0000F0900000
0000F0000000
0000E0000010
100000000000

000000000001
000000000400
000000000500
000000000000
000D01000000
230F00000000
000F00010100
000E00000000
000000000000
00000006A700
0006A7000000
000000000230

6A7000000000
000000000000
100000000000
000000000000
000008000101
00000A000000
000D09000004
000F00000005
100F00000000
000E00230400
000000000500
000000000000

400000000000
500000001000
000000000000
000006A70000
000000000001
000000000000
0BFFC0023000
000000000001
040008000000
05000A000000
000009000000
100000000000

000004000000
000005008000
00000000A000
023000009000
000000000000
00000006A700
000001000000
100000000000
00230BFFC000
000000000000
000000100000
010000000000

000010230000
000000000010
000010000000
000000000000
000000000000
000D006A7001
000F00000000
000F00000230
000E00000000
0400006A7000
050000000000
000000000000

000000001000
000000000000
000000000000
06A702300001
000000000000
000010000000
00D000040001
00F000050000
00F000000008
00E00000000A
000000230009
000000000000

D00000000010
F00000000000
F02300010000
E00000000000
000000400000
000000501000
06A700000000
000000000000
000000000080
0000000000A0
023001000090
000000000000

000000000000
000000000000
000000100000
0800400000D0
0A00502300F0
0900000000F0
0001010000E0
000000000000
000000000040
000000000050
100000000000
006A70000000

00D000000230
00F000400000
00F000500000
00E000000000
000023080000
0000000A0008
00000009000A
100000000009
000000100000
000000000100
010000000000
000000000000

000000000000
010000100001
000000000000
000000000000
000000000400
000000000501
80006A700000
A00000000000
900000400230
000000500000
000000000000
000000BFFC00

010000000000
000000000000
000000230100
230000000000
00000006A700
BFFC00000000
000000000000
000010000000
000000000801
000000000A00
000230000900
000000000000

000000000000
010000000000
0006A7004000
0D0000005000
0F0000000000
0F0000000100
0E0000000000
000000023000
000000000010
06A704000000
000005000000
000000000001

000001000008
00000000000A
000006A70009
000000000000
000004000000
023005000000
000000000000
D00000000400
F00000000500
F00100010000
E00000000000
000000001000

000000000000
000000000000
0BFFC0080000
0000000A0000
230000090010
000010000000
000000000000
100000230800
000000000A00
000000400900
000000500000
000010000000

040001000000
050000000000
000000BFFC00
000100000000
000000000100
230000000000
000000000000
000001000008
00040000000A
000506A70009
000000000000
000000000000

000006A70000
010000000001
000000000000
000100000000
000000000000
000BFFC02300
400000000000
500000000000
008000000230
00A000000000
009000000000
000000000010

000000000001
800000000000
A00BFFC00000
900000000080
0000000000A0
400000000090
500000000000
000230001000
000000000000
000000001000
230000000000
000000000100

000000000000
000001004000
0D0000005010
0F0000000000
0F0000000000
0E0000000000
000004002300
000005000001
000000000000
6A7000000100
000000000000
000000006A70

