000000000000
000000000000
000000BFFC01
000000000000
6A7040000400
000050000500
010000080000
0000000A0230
001000090000
100000000000
000000000000
000000000000

010230000100
000000000000
000000040000
000000050000
000000000000
000800010D00
000A00000F00
000900000F00
6A7000000E00
000000000000
000000000001
000023000000

000000800000
000400A00000
000500900000
000001008000
10000000A000
000000009000
000000000000
000010100000
000000023000
00BFFC000000
000000000000
000000023000

00000BFFC000
000000000000
000000000000
000000000000
000400000000
000500100000
00000006A700
080000000000
0A0001000000
090400000000
000501002300
000000000001

000001000010
000000000000
000000000000
000000000400
000000000500
0BFFC0000000
000000000104
000000000005
00006A700000
000000000000
000023000100
6A7000000000

008000000000
00A000000001
009000000D00
000000000F00
000002300F00
230000000E00
000000001000
230000000008
00000000000A
000000000009
000001000000
000000000010

000000000000
000800BFFC00
000A00000000
000900000008
00000230000A
010000000109
000000000000
000000000000
000000100000
000040000000
000050002300
000000000010

000000000000
0230006A7010
000000000000
000100000100
000000000000
000000000080
0000000010A0
000000000090
000000023000
230000000000
000BFFC00000
000000000000

401000000040
500000000050
000000000000
000000000000
000BFFC00001
000000006A70
001000000000
000000000400
100000000500
000000000000
000000000000
000006A70000

230000000000
000000000000
6A7000000000
000000101000
D00000000000
F00100000000
F00000000040
E00000000050
000000080000
0000040A0100
000005090000
000000000000

000100002300
000002300000
000800000101
000A00000000
000900000000
000000000000
00BFFC000000
800000000010
A00000000400
900000000500
000000000000
000000000000

000000000000
010000001001
000000000000
0800000000D0
0A06A70000F0
0900000000F0
0000000000E0
000000000000
004000400040
005000500050
000000000000
001000000000

800000100000
A00000000000
900000000000
000000000000
D00000040000
F01000050000
F006A7000000
E00000010000
000000000001
000040000000
000050000000
000000230000

000004000000
000005000000
000000000000
0D0000023000
0F0080000000
0F00A0000000
0E0090000000
0010006A7000
000000000000
000000000400
010100000500
000000000001

000000000000
008000000000
00A00BFFC000
009000000000
230000000000
000000080000
0100000A0000
000000090000
001004000000
000005000000
000100000000
000000023010

000000000000
BFFC01000000
0000006A7000
000000000800
000000000A00
000000000900
040000100000
050000000000
000002300000
000000010230
010000000000
000000000000

000000000000
000000BFFC00
000800000000
000A00000000
000900000000
000000023000
000000000000
000000000000
001023000010
000000000000
02306A700000
000100000010

000000000000
802300000000
A0000D000000
90000F000000
00000F000000
01000E023001
000000000000
000006A70000
000000000000
000000000400
000000000500
001000010000

000000000000
000000006A70
000D00000000
000F00400000
000F00500000
000E00000000
001010010000
000000000004
000000000005
000000000000
000000000000
01006A702300

000000000000
400000000000
500010000000
000000001000
BFFC00000000
000000100000
400000000000
500100008000
00006A70A040
000000009050
000000000000
000000000000

002300000000
010000010000
001000000000
000000000000
000023000010
000000BFFC04
000080000005
0000A006A700
000090000000
000000000000
000000000000
000000000000

0000010D0000
06A7000F0001
0000230F0000
0004000E0000
000500000230
000000000000
000000000000
000000000000
000000000010
001000000000
000000000000
00006A700000

100000230000
000000000000
000000000000
000000000000
00000BFFC000
000100000000
000010000000
400000100000
500000023000
000000000000
006A70000000
000000006A70

000000000000
00000000000D
00000000230F
23004000000F
00105000000E
000000000080
0100006A70A0
000000000090
001000000001
000000000000
000000000000
000000000000

000806A70000
000A00000000
000900000000
000000100000
000000000001
00000BFFC000
400000000000
500000000000
000010000000
000400040000
000500050010
000000000000

000100000000
000000000010
001000800000
000000A00000
000000900000
00000006A700
000000000010
400230000004
500000000005
000BFFC00000
000000000000
000000000000

000000000000
000000000000
000000000000
000023000000
000000000010
000010400000
23010050D000
00000100F000
6A700000F000
00000000E000
06A700000000
000000000000

000000000000
000000000000
000023000000
06A700040000
000000050000
000000000001
0000006A7000
000100000000
000000000000
000000400010
0BFFC0500000
000001000000

000000000001
0000006A7000
000000000000
800000000000
A00023000000
900100000000
000000000000
0100BFFC0000
000000000001
000000000400
000230000500
000000000000

001000000000
000000230000
000000000000
000006A70000
000000001000
00BFFC000000
000000000000
000000000000
106A70000040
000000230050
000001000000
000000000000

230800400000
000A00500000
000900000000
001000000000
000000001000
0006A7000000
1000000000D0
0000000000F0
0000400000F0
0100500000E0
000000000000
000000000000

000000230000
000000000000
000010000000
000000001000
000000000010
000000000000
4006A7000D00
500000230F00
000000000F00
0006A7000E00
000000000000
000000000100

000000000000
000040100000
000050000000
000000001001
000000000000
000002300000
0800000BFFC0
0A0000000000
090008000000
00000A000040
000009000050
000000010000

000000000000
023000040000
000000050000
000000000000
40D000000008
50F00000000A
00F006A70009
00E000000000
000001000000
000000100000
000000000000
000000001001

000000000000
004000000000
0050000D0000
0000000F0004
0000000F0005
0000000E0080
0000000040A0
008000005090
10A000000000
009000100000
000000000000
000100010000

000800010000
000A00000000
000900000D00
001000000F01
000000230F00
006A70000E00
000000000000
400000000000
500230000000
000000000000
000000000000
100000000000

00006A700000
000000000000
001000000000
000BFFC02300
010000000000
000000100000
010000000000
000000000000
000000002300
6A7000000000
000000000000
000000002300

004000000000
005000000000
000000230000
000000000000
000D00800000
000F00A00000
230F00900000
000E00000000
000000000000
000101000000
000010000000
100000006A70

000000000000
000100000000
000000000000
02300BFFC000
000010000000
000000000000
000000001000
000002300000
000000002300
000000000000
6A7000006A70
000010000000

00000006A700
000000100000
000000000000
000000008000
00000000A000
00000000900D
00100000000F
00000023000F
00001000000E
000000002300
000002300000
000000000100

010000004080
0006A70050A0
000000000090
000000000000
000000000010
230000000000
000BFFC00000
000000000000
001000000000
000000000400
000000000500
100000000000

000000000000
0000004000D0
0004005000F0
0005000000F0
0000000000E0
000000000100
000000000000
000010000010
002300000000
00000006A700
000000000000
00006A700001

000000BFFC00
000040000000
400050000000
500000000000
0006A7000000
000000000001
000000000000
100040800000
000050A00000
000000900000
000000000000
100100000000

000000000008
00000100000A
104000000009
005000001000
000000000080
0000BFFC00A0
000000000090
000000000000
000000230004
000000000005
000000000000
001000000000

000100400000
000000501000
000000000230
000010000000
000000100000
00000000000D
00008008000F
0000A00A000F
00009009000E
000000000000
000000000000
002300000000

00D001000000
00F000000000
40F00006A700
50E000000008
04000000000A
050000023009
000000000000
000000000001
000000000000
000000000000
100001000000
000000000000

000000000000
400000000000
500000000000
00BFFC000040
100000000050
002300000000
000000000010
000000000000
008000000100
00A0006A7000
109000000000
000000000000

000000023000
004000000000
005010000000
100006A70000
000000000000
000000BFFC00
000000000000
000010000000
000000000108
00000000000A
000000000009
230000000000

0006A7010230
000000000000
000000000000
000000000000
000004000000
0000050BFFC0
002300000000
000000001000
000000000001
10000006A700
000000000000
000000000000

000000000000
002300100000
100000000000
001000000000
00006A700000
000000000000
6A7000000000
00000BFFC000
000000000000
230040000010
000050000000
000000000000

000BFFC00000
001000000000
00000006A700
000000000000
400001000000
500000230000
000000000000
000000000000
000008000000
00000A002300
100009000001
000000000000

000000000010
000000800000
000040A00000
000050900000
100000000000
000000000400
0000000D0500
0000000F0000
0023000F0008
0000000E000A
000000001009
000010000000

000001000004
000000000005
000008000080
00000A0230A0
000009000090
000000000001
000000000000
000001000000
000000000000
000100000000
000000000230
BFFC00000000

000000000000
010000000000
004000006A70
005000000000
000000000230
0100BFFC0000
000000000000
000000000000
000000000010
002300000100
000006A70000
000000000000

101000000000
000000000000
000008000400
00000A000500
00D009000000
00F000000000
00F000000000
00E000004000
000800005000
100A00100000
000900023000
000000000000

000000000010
000023000100
000000001000
000004000800
000005000A00
000800000900
000A00000000
000900000000
000000230010
000000000000
BFFC00000000
000000000000

001000000000
800001002300
A00080000000
9000A0040100
000090050000
0D0000000001
0F0000000000
0F0004000000
0E0005000000
000000000000
000000000000
000000000000

000000000000
00BFFC000000
010000000000
000000000100
040010000000
050000000000
000000000100
000023008000
23000000A000
000000009000
000000000000
000000006A70

000023000000
000000000000
010000000000
000000000004
0100006A7005
0040D0000800
0050F0000A00
0000F0000900
0000E0000000
000000100000
000000000000
000000000001

100000000400
0000BFFC0500
6A7000000000
00000106A701
000000000000
000000000000
000000000000
000000000000
000000040000
000023050000
000000100000
000000000000

000000000000
000000008000
00000100A000
230000009000
000000000000
000000000000
00000D010000
00000F000010
00000F000000
02300E000000
000010002300
000006A70000

00BFFC010010
000000000000
230000000040
000000000050
000000000000
000000000100
400000000000
500000000000
000000000000
000000000000
00006A700000
6A7000000010

06A702300000
000000000000
000000000000
000000000000
101000040001
000000050000
008000000000
00A000000230
009000010000
000000000000
000000000000
00BFFC000000

040000000000
050000000000
000010000000
000001000004
000000000005
000000080000
00000D0A0100
00000F090000
80000F000000
A0040E000000
900500000000
000000010000

000000000000
00000BFFC040
000000000050
010010000000
000000008010
00000000A000
000000009000
000230080000
0000000A0000
004000090000
005001000000
000000000000

040000000001
050000000000
000002300000
000000000000
000000008000
23000000A000
000000009000
00006A700000
000000000001
000000010000
000000000000
0BFFC0000010

010000000000
0010040D0000
0000050F0000
0230000F0000
0000000E0000
010000000100
000000000000
000000002300
00006A700000
000000000000
000000000000
000000006A70

230000000000
00000BFFC000
400000000000
500010000001
000000000000
000000000000
000000000000
800000000000
A00000000230
900000000000
00006A700010
001000000000

000000000000
00230000D000
00000000F040
00000000F050
10000000E000
000000000000
000230000000
000000000080
0000000000A0
000000100090
6A7000000000
000100010000

001080008001
0000A000A000
040090009000
050000000000
000000000000
000000000004
00BFFC000005
000000000000
000000000000
000000002300
000001000001
000000000000

000023000000
023000000000
100804000000
000A05000000
0009006A7001
000000000010
000000000000
000000010000
0BFFC0000000
000000000000
000000000000
000000000000

000010000000
100000002300
000000000000
6A7000000000
000000000000
0D0000004000
0F0000005000
0F06A7000000
0E0000000001
000000000000
023000000000
000000001000

006A70000000
000000000010
00008000D000
1000A000F000
00009000F000
01000000E000
000000000000
100000000000
000000000000
400000023000
500023000000
000000000000

800010000000
A00000000000
900006A70000
004010000010
005000010000
000000000000
000000000040
000000040050
BFFC00050000
000000000000
000000000000
000000000000

002300001000
000000000000
000000000230
008000100000
00A000000000
009000101000
000000000000
000000000000
00004006A700
000050000000
000000000000
0000000BFFC0

000000400000
400080500400
5010A0000500
000090000000
000000000000
000000010000
0006A7000000
000000000001
000000000000
0BFFC0000000
000000000100
000000000000

100400000000
080500000000
0A0000000000
090000000000
000D00000001
000F06A70100
000F00000040
000E00000050
000010000000
000000000000
000000000000
000002300000

000000000000
000001000000
080000000100
0A0000000000
090000000000
000000000000
00BFFC000000
010000000000
00023006A700
000004000000
000005001000
023000000000

400000000000
500800000000
000A0000000D
01090000000F
00000000000F
10000000000E
000000004000
000000005000
000000000001
000000023000
000000000000
0010006A7000

000010000000
000006A70004
010230000005
000000D00000
010080F02300
0000A0F00000
000090E00000
000000000000
000000000000
000000000100
000000000000
000000000000

000000000108
00000000000A
100100000809
040000000A00
050000000900
000000040000
000004050D00
000005000F00
000000000F00
000000000E00
000000000000
000000000100

000000000000
000004000230
BFFC05001000
000000000000
010000000000
000010000000
000000000000
000006A70001
006A70004000
000000005000
000000000000
000000000000

000000100000
000000000000
006A70100000
000000004000
010000005000
000040000000
0D0050000230
0F0000000000
0F0000000001
0E0000000000
0000006A7000
000000000000

000000000000
000000000000
000800000000
000A00000008
00090000000A
000000000009
000000023010
000000000001
000000001000
0100BFFC0230
000000000000
002300000000

000000000001
000000000000
000000800000
000000A00000
100000900004
000000000005
000000080000
0000000A0000
000000090000
040000100000
050230000100
00000BFFC000

6A7000000000
000000000000
000000000100
000100000000
000000000000
BFFC00800000
000000A00000
000000900400
000000000500
002300001010
000000000000
000000230000

000D01010000
000F00000001
000F00000000
100E0006A700
000000000000
002300000000
040000000080
0500000000A0
000000000090
000000000000
000000000000
230000000000

000080230000
1000A0000000
001090023001
000000000000
1000000BFFC0
000000000000
000000080000
0000000A0000
400000090000
500000000000
000000000000
000000000000

000000000040
000000000050
010000101000
000000000000
00BFFC000000
0000006A7004
000000000005
000100000400
6A7000000500
000000000000
000000000000
000000000000

000000000230
000000000000
100000000000
000000000000
000000230000
010000000000
0006A7000001
000000000D00
400000000F00
500000000F00
000000000E00
0001006A7000

000000002300
000000000000
000000000080
1080000000A0
00A000000090
009000BFFC00
010000000000
000000000000
001000040004
000000050005
000000000000
000000001000

000008000000
00000A040000
230009050000
000000000800
001000000A00
010000000900
000000000010
000000040000
000000050000
000000000000
BFFC00000000
000000010000

000010080010
0000000A0000
000000090000
000000000000
0000000000D0
6A70004000F0
0000005000F0
2300000000E0
000000000000
000000400010
000000500000
000000000010

000100000000
0000000BFFC0
000230000000
000000000000
002300000010
000000000000
000000008000
00000000A000
000004009000
000005000000
000000000000
1006A7000100

000000000400
000000000500
000BFFC00000
000000000000
000010000000
000000000100
000000000000
6A7006A70000
000000000040
000010000050
000102300000
000000000000

000000000000
040000000080
0500000000A0
000000010090
010000000000
000100000000
6A7000000000
000000BFFC00
000000000000
001000000000
230000000230
000000000000

000000040800
100000050A01
000000000900
000000000000
000000000000
0006A7000000
0000000D0001
0000000F0000
0000000F0000
0000230E0000
000000000000
000001000230

000010000000
080400000000
0A0500001000
090000000000
000400000000
000500000000
001040000000
00005000010D
00000000000F
00000000000F
00000000000E
06A700000000

000000000100
000080023000
0000A0000000
001090100000
000000000000
000000000000
000000800040
000000A00050
000100900000
000040000000
000050000000
00000BFFC000

0006A7000000
100000000000
000000000000
000000000000
100002300000
000000000000
230000000000
00100000000D
00000000000F
00006A70000F
00000000000E
000023001000

