0000800000000
0000A00000000
0100900000000
0000000000000
0000000000000
0000000100000
0000000000230
0001000000000
000000D000000
6A7000F000000
000000F000000
000230E000000
1000000002300

0100230000000
0000000400010
0000000500000
0000000000000
0000000000000
00000BFFC0100
0000000000000
2300000080000
00000100A0000
0000000090000
0000000000000
000000006A700
0000000000000

0000010000000
0000000000080
00000000000A0
0000000000090
0000023000000
0000000001000
0000100000004
0000000000005
0D00000000000
0F00000000040
0F000006A7050
0E00010000000
0000000000000

BFFC023000000
0000000000000
0002300000000
0000000000000
0000000000000
0001000000000
0000000000000
0000001000001
0000400000000
0010500000000
000000006A700
006A700000000
0000000000000

D000000000000
F0006A7004010
F000000005000
E000040000000
0000050000010
0000000100000
0000400000000
0000500000000
0000000000000
0000000000000
000000006A700
1000000000000
0000000000000

0000000000000
2300000000000
00000D0000000
00000F0008000
00000F000A000
00100E0009000
1000000000000
0000004000000
0000005000100
06A7000000004
0000000000005
0000000000000
0000000100000

0000000000000
00D0000000000
00F0000000000
10F0000000000
00E0000000000
00000006A7000
0040000000000
0050000002300
0000000000000
0000000101080
00001000000A0
0230000000090
0000000000000

0000006A70000
0000000000000
0000000000008
000000000000A
1000000000009
0000040000000
0000050040001
0000000050000
0000000000000
1000000010000
0000000000000
230BFFC000000
0000000000000

0008000000001
230A010000000
0009000000000
0000000D00000
0000000F00000
0010000F00000
0000000E00000
0000230000000
0000000100000
0000000000000
6A70000002300
0000000000000
0000000000000

000BFFC000000
0000000000000
0100000000000
0000000800001
0000000A00100
0000000900008
000000000000A
0000040000009
0000050001000
0000000000000
4023000000000
5000000000000
0000000000000

0000002300000
0000000000000
0000000000000
1000000000000
0000000000000
0BFFC0006A700
0000000000000
0000000000000
0000001000000
0000000000000
1000004000000
006A705010000
0000000000230

0000000100000
0000000000000
0D00000000000
0F01000000008
0F0000000000A
0E00000000009
0000000230000
0000000000000
0004000400000
0005000500100
0000000000000
006A700000100
0000000000000

0000000000000
0002300000100
0000000000000
0000000000001
0000000100000
0000000000008
000000000000A
0000000004009
00000D0005000
06A70F0000000
00000F0000000
02300E0000001
0000000000000

000006A700001
0000000000000
0000000000000
0000000000000
000000D000230
000040F000000
000050F000000
000000E000040
0000000000050
000006A700000
1000000000001
0000100000000
0000000000000

0001000000000
000000BFFC000
1000000000000
0010000000000
0000800800000
0000A00A00000
0000900900000
0100000004000
0000000005000
0000000000000
0000400000000
0000500023000
0000000000000

0000000000000
0000000000000
0010BFFC00000
0000000000010
0000000000000
0000000002301
6A70000000000
0000000000000
0000000400000
1000000500000
0000000000000
006A700230000
0000000000000

006A700000400
0000000100500
0000000000000
1000000000000
0000000010000
00BFFC0000010
0000000000000
0000000000000
0000000040000
0000000050008
000004000000A
0000050000009
0000000000000

000000D001000
000010F000080
023000F0000A0
000000E000090
0000000000000
0100000010000
0000000000000
0000000000000
0230008004000
000000A005000
0000009000000
0000000000000
0000000000000

0000D00000000
0000F00000000
0000F00000000
0000E06A70000
0000000000000
0000000000000
0000000006A70
0000230000000
4000000000000
5001000040000
0000000050000
0000000000010
0010100000000

0000000000000
0000000002300
0000000000000
0000000001004
0010000000005
1000000000000
0000000000000
000006A708000
00D000000A000
00F0000009000
00F0000000000
00E0010000000
0000000230000

000000006A700
0000000000000
0023000080004
00000010A0005
0000000090000
00BFFC0000000
0000000000000
1000000000000
0000000000000
0000000004000
0001000005000
0000000000000
0000000001000

0000000000040
0010000100050
0000000000000
0006A70000000
0000000230000
0000000000000
0000000000000
0000000000000
00000D0804000
00000F0A05000
00010F0900010
00000E0000000
0000000000000

0000000000000
00D0000002300
00F0000000000
00F0000000010
00E0023000000
0000000000000
0000000000001
0000000010000
0000000000000
106A700023000
0000000000000
0000000000000
006A700000000

0000000000000
0000230000000
00000000000D0
00000000000F0
00000000000F0
0000006A700E0
1000000000000
0000010000000
00000006A7000
2300000000000
0000000000000
0000000002300
0010000100000

0000000000000
0000080000000
00000A0100000
0230090000040
0000000000050
000D000000000
000F000040000
000F010050000
000E000000800
0000000000A00
0000000010900
0000100000000
0000000000000

0000230000000
0000000000000
0000000023000
000000D000008
000100F01000A
000000F000009
010000E000000
0000000000000
0000400080000
00005000A0000
0000000090000
0000000000000
0000000001000

0000004010230
0000105000000
0000000000000
0000000000000
00D0000000000
00F0080000000
00F00A0000000
00E0090000001
0000000000000
0001000800000
0000040A00000
0000050900000
0000000000000

0000D00000000
0000F01010000
0040F00000000
0050E00008000
000000230A000
0000000009001
00006A7000000
0000000000000
0000000000040
0000000000050
0000000000000
0000000000000
0000000100000

8000010000000
A000000000000
9000101000000
0000000000000
4000000000000
5000000000000
000000000D000
000000040F000
000000050F000
000000000E000
0000000000000
0000000102300
0006A70000000

0000000400004
6A70000500005
0000000000000
0100400000000
000050D000000
000000F000010
010000F000000
000800E000000
000A000000000
0009000000000
0000000000100
0000000000000
0000000000000

0010000000100
0000023000000
0000000000000
1000000008000
000000000A000
0001000009000
0400000000000
0500000000000
0000000004008
000000000500A
0000000000009
0000000000000
0BFFC00000000

0000400000000
0000500000000
0100000000001
0000000000000
0000000000000
0000230BFFC00
8000000000000
A000000000008
900400000010A
0005000000009
0000000000000
0000000000000
0001000000000

0000002300000
0000000000000
6A70000000000
0000BFFC00000
0000000000000
0000001000000
0000000001000
0002300000000
0000000000000
0000000023000
0000000000001
000006A700000
0010000000000

0100000000000
0000000000000
0400000010080
05000000000A0
00000000D0090
00000000F0000
00000000F0000
00000000E0000
0000000000000
0000000000000
06A7000040001
0000001050000
0000000000230

1000000000000
0000004000000
BFFC005000000
0000000000000
0000000400000
0000000500080
00000000000A0
0000000000090
0000000000000
0000000000000
06A7000100040
0000000000050
0010001000000

8000000000000
A00D000000100
900F023000000
000F000000000
000E000000800
0000000040A00
0100000050900
0000230000000
0100000000000
0000000000000
0010000000000
0000000000000
0000000000000

0000000040000
0000000050000
0000000000400
0400000000500
0500000000000
0000000000000
0000000001080
0000010D000A0
0800000F00090
0A00000F00000
0900000E00001
0000000000000
1000000000000

0230000100000
0000100000000
0400000000010
0500008000000
000000A008000
000000900A000
00D0000009000
00F0000000000
00F0000000000
00E0000400000
0000000500000
0000100000000
0000000000000

0000000000000
1023000002300
0000000000000
0000000000000
0000006A70000
0000000000000
0000000000000
00BFFC0000008
000000000000A
0000000040009
0000000050000
1000000000101
0000000000000

0000000100004
0100000000005
0000000000000
0000000000000
0D00400000000
0F00500000000
0F00006A70000
0E00000000230
0000000000000
0000000000010
0000000000000
6A70000000000
0000001000000

0000000000000
006A704000000
0000005000000
0800000000D00
0A00000000F00
0900000000F00
0000000000E00
0040000000000
0050000000101
0000000000000
0000000000000
0000023001000
0010000000000

00BFFC0000000
0000000010000
0000000000000
0000000400000
0000000500100
0004000000000
1005000000000
0000000000000
0001000000000
0000000000000
006A700000000
0000000006A70
0230000000000

0000000000000
0000000000000
0000000040001
0000000050000
0000000000010
00000006A7000
4001000000000
5000000000000
0000800000000
0010A00000000
00009000BFFC0
0000000000000
0000000002300

0D00001000001
0F00000000000
0F00000000000
0E00000000000
0000000100000
0230000000000
0000000000040
0000000000050
8000000000000
A000000000001
9000406A70000
0000500000000
0000000000000

0000000010400
0023000000500
0000000100000
0000000000000
0000000000000
0100000000000
000000000D008
000008000F00A
00000A000F009
000009000E000
4000000000001
5000000000000
0000000000000

0000010000000
0000000000000
0000000010000
0023000000230
8000000000000
A000000001000
9000000000000
0001000000D00
8000002300F00
A000000000F00
9000000000E00
0000000000000
0000000000000

0000000000400
0000010000500
0000000000000
0106A70400000
0000000500000
0000000000000
00000BFFC0000
0000000000000
6A70000000000
0000230000001
0100000000000
0000000000000
0000000000000

0000010000000
0000000000000
0000000000001
1000000400000
0000000500000
0230040000000
0000050000000
0080000000080
00A00000000A0
00900BFFC0090
0000000000000
0000100000000
0000000000000

6A70000000000
0000000000000
0010400000000
000050D000000
000000F000004
001000F040005
000000E050000
0000000000000
0100000000000
0000000000000
0000000000000
000001006A700
0000000000000

0000002300000
0000000000000
0000000000000
0000000000230
0000000100000
0000000000000
0000000001000
D000000000004
F000000001005
F000000000000
E000006A70000
0000100000000
0000006A70000

0000000000000
1000000000000
00001006A7040
0000000000050
0000000000000
000000BFFC000
0000000000000
0001000002300
0000004000000
8000005000000
A000000000000
9000000000010
0000000000000

0000000100000
0080000000000
00A0000000000
4090100000000
5000000000000
0010000000400
0000000000500
0D00006A70000
0F00000000000
0F00000000000
0E00000000100
0000230000000
0000000000000

230006A700100
0000000000000
0102300000000
0000000000000
0000008000000
010000A000000
0000009000000
0000000000000
000023000D000
000000010F000
000000000F000
000000000E000
0000000000000

0000000000108
000100000000A
0000000000009
0000000000000
000230D000230
000000F000000
000000F000000
000000E000000
0000000000000
06A7000230000
0000000000000
0000100010000
0000000000000

1000000000400
0000400000500
0000500000000
0000000000000
0000800002300
0000A00000000
1000900000000
0000000000800
00BFFC0000A00
0000000000900
0000000000001
0000000100000
0000000000000

006A700000000
0000000000000
006A7000000D0
00000000000F0
01000400000F0
00000500000E0
0000000000000
0000100002300
0000000000000
0000000000000
0000000010000
1000000000000
0000023000000

6A70230000000
0000000000000
BFFC004001000
0000005000000
0010000000000
0000000000010
0000000400000
0000000500000
0000000000000
0000000800100
0000000A00000
0000000900000
0000000000000

0000000000000
0000000000000
0000000000000
000002306A700
0000000000000
4080023000000
50A0000000000
00900BFFC0000
0000000000000
0000000000000
0000100000010
0000001000000
0100000000000

0000000000000
00023006A7000
0000000000000
1000000000000
0000400000000
0000500000000
00100000000D0
00000023000F0
00000000000F0
00000000080E0
000000000A000
1000100009000
0000000000000

0000000000000
0000000000000
0000BFFC00400
0000000000500
0000000000000
0000000000000
0230000000000
0000000000104
0000000000005
0000100000000
0000001000000
06A700006A700
0000000000001

002306A700000
0000000000000
0000000800000
0000000A00000
0023000900000
0000010000000
0000000010000
0000000000000
1000000230000
0000000000000
0000000000000
0BFFC00010000
0000000000000

0000000000000
00BFFC0000000
0000000000000
004006A700000
0050000000000
0000000001000
0000000000000
0000000000100
0100040000000
0000050000000
0000000400010
006A700500000
0000000000000

0000000000000
0023002300000
0000000000000
0080000000000
00A0100000000
0090001000000
0000800000000
0000A00000000
000090000D000
400000000F001
500000000F000
000000000E000
0000100000000

0000000000000
006A700000000
0000000000000
0000000000040
0000001000050
0010000000000
0000000000040
00BFFC0000050
0000000000000
0000000000000
6A70023000100
0000000000000
0100000000000

0000000000001
0000000000000
6A70001000000
0000000000000
0000000000000
0000000000000
0023000000D00
0000000000F00
0001000000F00
0000080000E00
00000A0010000
0023090000000
0000000230000

0000100000000
0000000000000
0000000001000
0000010000000
0000000000000
000000BFFC000
0000000000000
000006A700040
06A7000000050
0000000000000
4000000004000
5000000005000
0000001000000

0000000000400
0BFFC00000500
0000000000000
0000000000000
0000023000000
0000000000010
006A700000000
0000000000000
0100000000000
0000800000000
1000A01000000
0000900000000
0000000230000

0400001000000
0500000000000
0000000000000
BFFC000000000
0000000000008
023000000000A
0000000000009
0000000000100
0000000010000
0000000000000
000000006A700
0000100000000
0230000000000

0000000100000
0000000000000
000023000000D
000000000000F
000000000000F
000108001000E
00000A0000000
0010090000000
0000000000000
0000000000000
00000406A7000
0230050000000
0000000000000

0000000000000
0100000000000
00002306A7000
0010000000000
0000D00000010
0000F04000000
0000F05000000
0000E00000000
0000000000000
0000006A70000
0004000000000
0005000000000
0000000100000

00006A7000040
0000000000050
0230000000000
0000000000000
0000000000000
1000000000000
0000000002300
0000000000000
0010000000000
1000BFFC00000
0000000000000
0000000000100
000006A700000

0000001000000
0000000000010
0000000000000
0000000000000
0008000000000
000A000000000
0009000000000
000000D000000
000000F080000
023000F0A0000
000000E090000
0000000000230
0023010010000

0000000000000
4000000010000
5000000000008
000010000000A
0000000000009
0000000000000
0100000000000
0000000000000
00800D0000000
00A00F0001004
00900F0000005
00000E0000000
0000000002300

23000000D0000
00000000F0000
00000000F0000
00000000E0000
0000000000000
0400000000801
0500000000A00
0000080000900
00000A0000000
0000090000000
2300000000000
0001000100000
0000010000000

0000000000000
BFFC000000000
0000000230000
0000000000000
0000000000000
0100000000000
00023006A7000
0000000000000
4001000000000
5000000000000
000006A700000
1000000000000
0000000000010

400000006A700
5001010000000
0000000400000
0000000500000
0000000000000
0006A70000000
0000000001000
4000000000000
500000BFFC000
0000000000000
0000000000000
0000000000000
0000100000000

0000230000000
0000000001000
0000000000004
0000000000005
0002300001000
0000000000008
000000000000A
0000000000009
0000000000100
000006A700000
0000000000010
000000BFFC000
0000000000000

000006A700000
1010000000000
0000000000000
0800000000000
0A0000000D001
090000000F000
000400400F000
000500500E000
0000000000000
0000000000000
0100000000000
0000000230000
0000000000000

0000000000001
0000000000000
0000000000000
00000006A7000
0000000000000
0000000000000
0000001001000
0004000000004
0005000000105
23000BFFC0000
0000000000000
0000000000000
006A700000000

0000000040000
0000000050000
0010000000000
0000100000000
0800000000000
0A00000006A70
0900000000000
0000000000000
00040BFFC0000
0005000000000
0000000000001
0000000000000
0000002300001

0000000002300
0000000000000
0000004000000
0000005000000
0000000008000
008000000A000
00A0000009000
0090000000040
0000000000050
0100000000000
0000000010000
010BFFC000000
0000000000010

2300023000000
0000000010000
0000000000000
0000000006A70
0000000000000
0000000000000
0000400010000
0000500000000
0000000000000
08000100BFFC0
0A00000000000
0900000000000
0000100000000

0000001000000
0000000000000
1000400000000
0000500000000
0000000000000
06A70000000D0
00000006A70F0
00000000000F0
00000000000E0
0000000023000
0000000000000
0023000000100
0000000100000

0D00008000000
0F0100A000000
0F00009001000
0E00000000000
000006A702300
0000000000000
0010000000000
0000000000000
0100002300000
0000000000000
0000023000000
0000000000000
0000000000000

0000010000000
0000000008000
004001000A000
1050000009000
0000010000000
D00000006A700
F000023000000
F000000000000
E000040000000
0000050000000
0000000000000
0000000000000
0000000000000

0001000BFFC00
0000000000000
0000040002300
0000050000000
0000000001000
0000000000001
0000230000000
0000000000000
0000000000000
0000008000800
000000A000A00
0000009000900
0010000000000

0006A70001000
4000000000000
5000000000000
0000010000000
00000000D0000
00800000F0000
00A00000F0000
00900000E0000
0000000000000
0000230000000
0000000000230
0000000000000
0010000100000

0000000000000
0000000000000
0080000010000
40A0000000000
5090000006A70
0000000000000
0000100000000
0000000000000
BFFC000401000
0000000500000
0000010000000
0000000000000
0000000230000

0000000000000
0000000010230
0000000000000
230006A700000
0000000000010
0001000040000
0000000050000
0800000000000
0A00000000000
09000000BFFC0
0000000000000
0000000000000
0000000000010

000000006A700
BFFC000000000
0000000000000
0000000000000
0004000001000
0005040000000
0000050000000
0008000000000
000A002300000
0009000000010
0000000000000
0000000000000
1000001000000

0000000000004
0000100000005
0000000000000
0000000001000
00BFFC0000000
0000000008000
000100000A000
0000000009000
0000000000000
06A7023004000
0000000005000
0000001000000
0000000000000

0000000000000
0000000000000
000000BFFC000
0080000000000
00A0000010000
0090000000000
0000001000000
0000100000230
4000000000000
5000000000000
0000000000040
0000000000050
01006A7000000

2300000000000
0000000000000
0000100000000
0000000000000
00BFFC0000000
0000000000008
000000100000A
0000000000009
0000000000000
2302300000100
0000000000000
6A70000000000
0000010000000

0000000230000
0000000000000
0000000080000
00000000A0004
0000023090005
0000000000000
0000010000000
0000000800000
0000000A00010
0000000901000
0000000000010
0000000000000
0000BFFC00000

0000000000000
0001000100000
0000000000000
006A700000230
0000000000000
00010000000D0
00000000000F0
23000001000F0
00000000000E0
4000000800000
5000000A00000
0000000900000
0000000000000

0000010023004
0000000000005
000000006A700
0000000000000
000BFFC06A700
0000000000000
0010000001000
0000230000000
0000000000000
0000001000000
0000000000000
0000000000000
0000000000000

0000000001000
00BFFC0000000
0000000000010
0000000000000
0000400040000
0000500050000
0000000000000
0006A70000000
0000000000000
006A700000000
4000000000000
5000000100000
0000100000000

0023000000000
0000000000000
0000000000000
0800000100000
0A00100000230
0900000230000
0000000000000
000000006A700
0000000000000
000BFFC000000
0000000000010
0000000000000
1000000000000

0000000000000
0000000000000
0230000001001
0000800000000
0000A00000000
0000900000230
0D00000000000
0F00000001000
0F00023000000
0E00000000000
0000000000000
0000100000000
000000006A700

0000000000000
0000000000000
0004080000008
00050A010040A
0000090000509
0000000000000
0000100001000
0230000000000
0000000000000
0000000000000
0000000000000
0000000000000
0BFFC00000001

