000000000000000
000000000D00000
000000000F00000
000000000F00000
800000000E00000
A00100100000000
900000000000000
004000000000000
005000000000000
00006A700000000
100000000000000
000001000000000
000000400000000
000000500000000
000000002300000

000000000010230
000100000000000
000000000000000
000BFFC00000000
000000000000000
000000000000000
000000000000000
000000000008000
00000000000A000
000000000009010
000000000000000
001000000004000
230000000005000
00006A700000000
000000000000000

000006A70000000
000000000010000
BFFC00000100000
000000000000404
000000000000505
000000000000000
000000000000040
0000000006A7050
000000000000000
000000000100010
000000000000000
000000000000000
000000000000000
000000000000000
000000000000000

000000000080000
0000000000A0000
000001000090000
000000000000000
000230000000000
000000000000000
000000000000000
000100080000000
0000000A0D01000
000000090F00001
000230000F00000
000000000E00000
000000000000000
230000000000000
000000000000000

000000000000000
6A7000000000000
000000000BFFC00
010000000000000
000000000001000
000000000230040
023000000000050
000000000000000
6A7000000000000
000000000000000
001000000000000
000000000000000
000000000000000
000000000000000
000000010000000

000000000000000
000000000000000
000230000000000
80D000000800000
A0F000000A00000
90F000000900000
00E000000000000
000010000000000
000000000000000
000000000000000
000000000230100
000000000000000
000000000230000
000000000000001
000000000000010

000000000000000
000010000000000
000000000000000
000000000000000
0080000000D0000
00A0000000F0000
0090000000F0000
0000000000E0000
000100000100000
000000000000000
002300000000000
000000000000000
000000002306A70
000000000000000
002300000000001

040000000000000
050000001000000
0006A7000001000
000000000000000
000000001000000
000000000000000
010000000000000
000000000000000
000BFFC00023000
000000000000000
000000000000000
0000006A7000004
000000000000005
000000000000000
000000000000000

000000000000000
000000000000000
000006A70000000
000000000000000
000000000100000
000000000000000
100000000000000
0000000D0000000
0000000F0001000
0000000F0010000
0000000E0000000
080000004000000
0A0000005000000
090000000000000
000230000002300

000000000000000
000230000006A70
000000000000000
001001000000008
00000000000000A
000000230000009
000000000000000
000000100000000
000000000000000
000000000000000
000000000BFFC00
000000000000000
000400000000000
000500000000000
000000100000000

000008000000000
00000A000000100
000009000000001
000000000000000
000000000010000
008000040000000
00A000050000000
009001000000000
040000000000000
050000000002300
0000BFFC0000000
000000000000000
000000000000000
000000000000000
000000000000000

000000000001000
000006A70400000
000000000500000
000000000000004
000000000000005
0000000006A7000
00D000000000000
00F000000000000
00F000000000000
00E000000000001
000000000000000
000000000000000
010000000230000
001000000000000
000000000000000

00000006A700000
000401000000040
000500000000050
100000000000000
000000000000000
000000000000000
000000000000000
000000006A70000
000000000000000
000000000100000
002300000000000
000000000000000
BFFC00000010000
000000000000000
000000000000000

000000000400000
000000000500000
000004000000000
000005000000000
000000000000000
10000000D000000
01000000F000010
00000000F000000
00000000E000000
000000000800001
000000000A00000
000800000900000
000A02300000000
000900000000000
000000000000000

000000000000000
001000000000000
000000000002300
000BFFC00000000
000000000001000
006A70000000800
000000000000A00
000000000010901
004000000000000
005000000000000
000000000000000
000000000000000
000002300000000
000000000000000
000000000000000

000000010000000
000000000000010
000000000008000
00000000000A000
000000230009000
000000000000000
D00001000000000
F00000000000000
F00000000000000
E00000000000000
06A700100040000
000000000050000
000000000000000
000000000230000
000000000000000

000001000000100
000000000000000
000002300000000
000000000002300
0000023000D0010
0000000000F0000
0000000000F0000
0000000000E0000
000000000000000
0000000006A7000
000000000000000
000000000000001
00000000006A700
000000000000000
000000000000000

100100800100000
000000A00000000
100000900000000
080000000230000
0A0002300000000
090000000000000
000000040000000
000000050000000
000000000000000
000000000000000
D00000000000000
F00000000000000
F00000000000000
E00000000000000
000000000000000

080000000000000
0A0080000400000
0900A0000500000
000090000000000
000000010000000
00000000BFFC000
001000400000000
000000500000000
001000000000000
000000000000000
000000000000000
000000000000000
000040000000000
000050000000000
000000000010000

000000000000000
002300000000000
000023000000000
000000008010000
00000000A000000
000000009000000
06A700000000000
000000000000000
000000000000000
000000000001000
000000040000000
000000050BFFC00
001000000000001
000000000000000
000000000000000

000000000001000
000001000000000
000000002300000
000000000000000
000000000000000
000000000000001
000000000100000
000000000000000
040080000000000
0500A0004000000
000090005000000
8000000000BFFC0
A00000000000000
900000000000000
000000000000000

0000000000D0000
0000000100F0000
0000000000F0000
0000000000E0000
0000006A7000000
000000000000001
000000230000000
000000000000000
000400000000000
010500000000000
000000000000000
000040000000000
000050000000000
000000001000000
006A70000000000

000000000000000
000000000000000
000000000000000
000002300000000
000000000000000
000006A70000000
000000000000000
000000000D00000
000000000F01000
000000010F00000
000000000E00000
00000000006A700
001000000000000
000000000010000
000230023000000

00006A700000000
008000000000000
00A000040000000
009000050000000
000000000400000
000D00000500010
000F00000000000
000F00000000000
000E00000000000
100010000002300
000000000000000
000000000000000
000000000000000
000000000000000
000000100000000

000000000000000
000000000010000
000000000000000
000000000000000
000D00000000001
000F00000000000
000F00000000008
230E0000000080A
000000000000A09
000001000000900
000000000000000
000000000000000
000000000230000
000000000000100
000023000000000

001000000000000
000000000000000
00BFFC000000000
000000006A70000
400000000000000
50000006A700000
000000000000001
000000000000000
000000000000000
400000000000000
500000000000000
000000000000000
000000010040001
000000000050000
000000000000000

000000400000000
000400500000000
000500000000000
000000001000000
000000000000000
000000000000000
000000000000000
0000000BFFC0000
000000000000000
008001000000000
10A000000010000
009000000000000
0000006A7023000
000000000000000
000000000000000

000023000000000
000000000000000
000000000000000
6A7000000000000
000230000000000
000000000000000
000000000000000
0000000BFFC0000
006A70000000000
000000000000001
000000000000000
000000000000000
000000000400100
000010000500000
000000000001000

000000000000000
004000000100000
005000000000001
000000000008000
00000000000A000
0000BFFC0009000
000000000000230
000000000000000
000000000000000
000000000000000
080000000000000
0A0040000000000
090050000000100
000000000000000
000000001000000

230000000000000
000000000000000
000000000000000
000000000000001
000100000800000
000000000A00000
004000000900000
105000000000000
000000000000000
000000000000000
010000000000000
000000000000008
00000000000000A
000000230000009
0BFFC0000000000

000000000000000
000000800000000
000100A000BFFC0
000000900000000
000000000000000
000000000010000
000023000000040
000000000000050
000000000000000
080010000000000
0A0000000100000
090000000000000
000000400000000
000000500000000
000000000000000

000000000000100
000000000000001
000000000000000
800000000000000
A00000000000000
900000000000000
000000400000010
000000500000000
000000000000040
000000000000050
000000000000100
00BFFC080000040
0000000A0000050
000000090000000
000000000000000

000000000006A70
100000000000000
000008000000000
00000A000000000
000009000000000
000000000D00000
010000000F00000
000000000F00000
000000000E00000
000000000040230
000000000050000
000230000000000
000000000000000
000000000010000
000000100000000

D00000000000000
F00010000000000
F000006A7000000
E00000000000000
000000023000000
000000000000000
000000000001000
010000000000000
000230001000000
000000000000000
000000000000000
00000006A700000
000000000000000
000023000000000
000000000000000

000000000000000
001000000000000
000000000000000
000006A70000000
000000000000100
000000000230000
000000000000000
23006A700000000
000000000000000
00000000000000D
00000004000010F
01000005000000F
00000000000000E
000000000000000
000000000000000

000000000000000
000000000000000
000000000000000
00006A700000000
000000000000000
000008000000000
000D0A000000000
000F09000000000
100F00000000000
000E00000002300
000000000000000
000000000400100
001000000500000
000000000000010
000000230000000

000000000000000
000000000000000
000000000000000
000000000000000
000006A70000008
04000000000000A
050000000001009
000000000000000
000000000004000
000000000005000
000230000000000
0000010000BFFC0
100000001000000
000000000000000
000000000000000

000000000000000
000000000000000
00006A700000000
000000010000000
000000000000008
00000000000000A
000000000000009
000000000000400
000000D00000504
010000F00000005
000000F00000000
000000E00100000
000023000000000
000000000000000
000000100000000

00000006A702300
040000000000000
05000000000000D
00000000000000F
000000006A7000F
00000000000000E
100000000100000
000001000000000
000000000001000
000000000000000
000000000000000
040000000000000
050000000000000
000000000000000
000000000000000

000230000000000
000000001000000
000000000000000
000000000000000
080000000023000
0A0000000000001
090000000000000
002300000006A70
00000000000000D
00000000000000F
00000000000000F
01000000000000E
000001000000000
000000000000000
000000000000000

230BFFC00100000
000000000000000
000000000080000
2300000000A0000
000000000090001
000000000000000
000000000000000
000000002300000
010000000000000
000000000000000
000000000000000
000000000000000
000000000000100
000000000000000
0006A7000000000

000000000000000
040000000000000
050000000001001
000000000000000
000000000000001
000000002300000
000000000000000
000040000000000
008050BFFC00001
00A000000000000
009000000000000
000000000000000
0006A7000000000
000000000000000
000000000000000

000000000000000
0000000000BFFC0
080023000000000
0A0000230000001
090100000000800
000000000000A00
000000000000900
000000000000000
000000000000000
000000004010000
000000005000100
000000000000000
000000000000000
000000000000000
000000000000000

000001000000000
000000000000000
000000000230000
000000000000000
000000000002300
6A7000000000000
000040000010000
000050000000000
000000000000000
000000000000D00
000000000000F00
000000010000F00
000010000000E00
06A700000000000
000000000000000

004000000000000
005040000000000
000050000000000
000000000000010
000000000000000
000000000010000
000000000001000
000000BFFC00000
000000000000000
000800000000000
000A00000400000
000900000500000
00006A700000000
000000000000000
000000000010000

080000000000230
0A0000001000000
090001000000800
000000000000A00
000000000000900
000000000D00000
000000000F00000
000040000F00000
000050000E01000
000000000000100
000000000000040
000000000000050
000000000000000
000000000000000
000000000000000

000000000000000
000000000000000
000000000010000
000400000000000
000500000000000
000010000000000
000000000010000
000000000000040
000000000000050
000000000000000
0D0000000010000
0F0000000006A70
0F0000006A70000
0E0000000000000
000002300000000

00000000000D000
04000000000F001
05000000000F000
00000000000E000
000000000000000
100000000000000
000000000000000
000230000000000
008000040000000
00A000050000000
009000100000000
000000000008000
00000000000A000
000000001009000
000000000000000

000000000000000
000000000000000
000000008000000
00000000A004000
000000009005000
0000000000000D0
0000001000000F0
0008000230000F0
000A001000000E0
000900000000000
000000000000000
001000000000010
000000000000000
000000000000000
000000000023000

0BFFC0000001000
00000006A700001
000000000000000
000000000000001
000000000400000
000000000500000
0000006A7000100
000000000000000
000000000000000
000000000000000
000000000000000
000000000002300
000000000000000
000000000000000
000002300000000

000000000000000
000000000000000
100002300080000
0000000000A0000
000000010090000
000000000000000
000000000000000
000000000000000
00100000D004000
00000000F005000
00000000F000000
00000000E000400
010000000000500
000000000000000
000000006A70000

000000000000000
000000000000000
000000000000000
800000000800000
A00000000A00000
900000000900000
000000000000000
000000000000010
00000000000D000
00000000400F000
00000000500F040
00000000000E050
000100000000000
010000000000000
000000001002300

000000000006A70
0000BFFC0000000
000000000000000
000000000000000
000000010000000
000000000000000
000000000000100
000000000000000
023002300800000
000000000A00000
000000100900400
000000000010500
000000000000000
000000000000000
000000000000000

06A700100000000
000000000000000
000000000000000
000000000000000
023000000000000
00000000BFFC000
000000000000000
000000000000000
000000000000000
000000000000010
000000000000000
000000000000000
230230000000000
00000006A701000
000000000000100

000230000000000
000000800000000
000000A00000100
000000900000000
004000000000000
0050000000D0000
0004000000F0000
0005000000F0000
0000000000E0000
000000000000000
000000000000000
000000010000000
0006A7001000000
000000000000000
000000001000000

000000000000000
000000000100000
6A7000000000000
000000000000100
000000004000000
000000005000000
000000000000000
000000004000000
000000005000000
000000000100000
0BFFC0100000000
000000000000000
000000000000000
006A70000000000
000002300000000

0000006A70BFFC0
100000000000000
000000000000000
000000000000000
000000008000000
00000000A000000
000000009000000
000000000000100
000000000000000
000000000000000
000001000000000
000000000000000
000000004000000
102300005000000
000000000002300

010000000000000
0000080006A7000
00000A000000000
010009000000000
000000000000000
000000023000000
000000000010000
000000000000000
000000000000000
000000000000000
0000000000BFFC0
000230000000004
001000000000005
000000000000000
000000000000000

000000000010000
000000000000000
000000000000000
000000000000000
000000000010000
00006A700000000
004000000102300
00500000D000000
00000000F000000
00000000F000000
00000000E000000
080000000000000
0A0000000000000
090000000002300
000010000000000

000000001000000
000000000400000
000000400500000
000000500001000
000000000000001
000000D006A7000
000000F00000000
000000F00008000
000000E0000A000
000000000009000
000000010000000
000000002300000
000000000000000
000000000000000
000000000000000

000010000000000
000000000000000
000000000000000
000000000000000
000000000000000
000000023000400
000000000000500
0001000D06A7000
0000000F0000000
0000000F0000000
06A7000E0000000
000000000000000
000000001000000
000000000001000
000000230000000

000000000000080
1000000230000A0
000000000000090
0000BFFC0000000
000000000000000
000000000000000
000000000000000
000006A70000000
000000000004000
000000000005000
000000000000000
000400000000000
000500000010000
000001000000000
000000001000000

000000000000000
000000023000000
000000000000000
000000000000100
000000080000000
0D00000A0080000
0F00000900A0000
0F0000000090000
0E0000000000000
000000000000000
000000000000001
000000000000000
000000002300000
000000000001000
000230000000001

000000000000000
000000000000000
000000000000000
000000000000000
100000000000000
000000000001000
000000000000000
000000000000008
00023000000000A
000000000000009
080000040D00000
0A0000050F00000
090000000F02300
000000000E00000
000100010000000

000000100000000
000000000000000
000080023000000
0000A0000000000
000090000000000
000000010000000
000080000000000
0100A0000023000
000090000000000
000000000000004
000000000000005
000010000000000
00000000BFFC000
000000000000000
000000000000000

000000010000000
010000000000000
000000000000000
000000000000000
040000000000000
050000000000000
000010BFFC00000
000000000000000
002304000000000
000005000000000
000000800000000
000000A00001000
000000900000000
00000000006A700
000000000000000

000000000000000
000000000000000
000000000000000
0006A7000000010
000000000000000
00BFFC000000000
000000000000000
000000000000000
000000000000000
000100004002300
080000005000000
0A0000010001000
090000000000000
000230000000000
000000000000000

000000000010D00
000800000000F00
000A00000000F00
040900000000E00
050000000000000
000000000000000
000000000000000
0006A7000000000
040000000000000
050000000000000
000000000000000
000000100000100
100000000000000
000000000023000
000000000000000

000000000000000
000001000000000
400000023000000
500100000000000
000000000000230
000000000800000
00006A700A00000
001000000900000
000100000000000
000000000000000
000000000000000
000000000000000
000000000000000
0000BFFC0000000
000000000000000

000000000800000
000000000A0100D
00000000090000F
00040000000000F
00050001000000E
000000000000010
000000000000000
000000000000000
000000000000000
230000000000400
000000000000500
000000000000000
000000000000100
0006A7000000000
000000000000000

000000000D00000
000000000F00000
000010000F00000
023000000E00000
000000008000000
00000000A001000
000000009000000
000000000000000
000000010000000
000230000010000
000000000000004
06A700000000005
000000000000000
000000000000000
000000000000000

000000000000000
000000000000000
010000000000000
000000000000000
000BFFC00000000
000000000000000
000001000023000
000000000000001
000000000010000
000000000000000
6A7000000230000
0006A7000000000
000000000000000
000000000000000
230000000000000

00006A700000000
000000000000000
000000000000000
000000000000000
00006A700004000
000400000105000
000500000000000
000000000001000
0D0000000000000
0F0000010000000
0F0000000000000
0E0000000000000
000000230010000
000000000000000
000000000000000

004000000000000
005000000000000
000000000000000
000000001000000
000D00000000000
000F00000000000
040F00000000000
050E00000000000
000000100002300
001000000800000
000000000A00000
001000000900800
000000000000A00
000000000000900
000000000000000

0000000006A7040
000000000000050
000000000000000
000000000000000
010000000000000
000000800000000
000000A00000000
000000900000000
0000000000BFFC0
000000000000004
000000000010005
000100230000000
000000000000000
000000010000000
000000000000000

000000000006A70
100000000000000
000000000000000
000100000000000
000000000000000
D00000001000000
F00000000004000
F00000000005000
E00000000000000
000000000000000
010000000002300
000023000000000
000000000000000
000000000000000
06A700000000000

000000000000000
000000000000000
000000000000000
000000000000400
000000230000500
001000000000000
000000000000000
001000100000000
000000000000000
000000000080100
0000000000A0000
0000BFFC0090000
000000000000004
00000006A700005
000000000000000

000000000000000
000000000000000
0000D0000000000
0000F0000000000
0000F0100230000
0000E0000000000
000000000000010
000000000000000
000000230800000
000800000A00000
000A00000900000
000900000000000
000000000004000
000000000005000
100001000000000

000000000006A70
000000000000000
00000006A700000
000000000000400
000002300000500
000000000000000
000000100000100
000000000000000
000000010000000
000000000000000
0000010000000D0
0004000000000F0
0005000000000F0
0000000000000E0
000000000000000

000000000000000
000000800000000
000000A00000000
000000900006A70
000000002300000
000000000000000
000000000000000
000000000000000
000000000000000
000BFFC00400000
000000000500000
000010000000040
000000000001050
000000010000000
000000000001000

000000000800000
402301000A00000
500000000900000
00000000000D000
00000000400F001
00000000500F000
00000000000E000
000000000000000
00006A700000010
000000000000000
000000000000000
000001000000000
000000000000000
000000000000000
000000000000000

000000000023000
000000000000010
00000006A700000
000000000000000
000000000000000
000000000D00000
002300000F00000
000000000F00000
000002300E00000
000000000000000
000000000000000
000000010000000
10006A700000000
000000000000000
000000000000010

000000000000000
000100000000010
000000000000000
000000BFFC00000
000000000000000
00000000006A700
000000000000000
000000010000000
00006A700000000
000000000000000
400000000000000
504000000000000
005000000000040
000000000000050
000000000000001

000000000000000
000000000000000
400000000000000
500000000000000
000000000000000
100100000000000
008000000000230
00A000000000000
009000000023001
000000000000000
800000000000000
A0000BFFC000000
900000000000000
000000000000000
000000000000100

000000000100000
000000000000000
000000000000000
000000BFFC01000
000000000000000
000000000000000
010000000000080
0000000000000A0
000023001000090
000000000000000
000004006A70000
004005000000000
005000000000000
000000000000000
000000000000000

000000000000000
000000000000000
000000000000000
000230800000000
000000A00000001
000000900000010
000000000010000
D00000000000000
F00000000800000
F00000000A00000
E00023000900000
000400100000000
000500000000000
000000000000000
000000000000000

000001000000000
000000040000001
023000050000000
000000000000000
000000000000000
000000000000000
000000000000000
808000000000000
A0A0000BFFC0000
909000000000000
000000000000000
000000000000000
230000000000000
000000000000000
001010000000000

000000000000000
004000080000000
0050000A0000000
000000090000000
000100000000000
000000000010000
000000000000230
000000000001000
000000000000000
000000000000000
000000000000000
000000000000000
00000023006A700
000000000000000
10000000BFFC000

000000000000000
080000000000000
0A0000000000100
090000000000000
0006A7000000000
000000000000004
00BFFC000000005
000000000000000
000000000023000
000023000000000
000000000000000
000000000000000
000000000001000
000000000000000
000001000000100

000000000000000
0000000006A7000
000000000000000
000000000000000
000000000000000
002300000000000
000006A70000000
100D00000023000
000F01000000000
000F00230000000
000E00000000000
000000000000000
000010000000000
000000000000001
000000000000000

000080010000000
0000A0008000000
00009000A000000
000400009000000
000500000000000
000000000000000
000000000000000
000000000000000
000010000000000
000000000000000
D00002300000000
F00000000100000
F01000000040000
E00000000050000
000000000000000

000000100000000
000400000000000
000500000000000
000000000002300
000000000000000
000000000000000
000002300000000
00000000BFFC000
000000000000000
0006A7008000000
00000010A010000
000000009000000
000000000000000
000000100000000
000000000000000

000000800000000
000040A00000001
000050900000000
000100000000000
00000000BFFC000
000000000000000
000000000000000
000100000000000
000000000000000
000000800010000
000000A00000040
000000904000050
000000005000000
000000000000000
000000000000000

000000080000000
0000000A0000000
000000090000000
000000000000000
000000000000000
000000D00000000
040000F00000000
050000F00000004
100000E00100005
004000000000000
005000000000000
010000000006A70
000000000000000
000000000000000
100000000000000

000000000000001
0000BFFC0000000
000000000000000
000000000000000
000000000000000
040000040000000
050000050000001
000000001000000
000000000000000
000080000000000
0040A0000000000
005090000001008
00000000000000A
000000000000009
000000000000000

000010000000000
001000000000000
000000000000000
000000000000000
000400000000000
040500001000000
050000000006A70
006A70000000000
000000000000000
010000000000000
000000000000000
023000000000000
000000000000000
000000000000000
00000BFFC000000

000000000000000
000400000000000
000500000023000
000010000000001
000000000000000
000000000000000
000000000000000
000000000000001
000000000000010
000000BFFC00800
230000000000A00
000000000080900
0000000000A0000
000000000090000
000000000000000

000000002300000
000000000000000
104000000000000
005000000000230
000100BFFC00000
000000000000000
000000000001000
000000000000000
000000000000000
000000001000000
000000000000000
00000000006A700
6A7000000000000
000000000000000
000000000000000

000000080000000
0000000A0400000
06A700090500004
000000000000005
000000010000000
000000000000010
000000000000000
000000000000000
100000000023000
000000000000000
0D0000000000000
0F0000000000000
0F0000000000000
0E0000000100000
000000000000000

008000000000000
00A000000000000
009000000000000
00000D000001000
00000F000000000
00000F000100000
00000E000000000
230000000000000
000000001000000
000000000400000
000000000500000
6A7023000000000
000000000000000
000000000000000
000000000000100

