00000000000004
00000000000005
D0000000230000
F0000000000000
F0000000001000
E0001000000000
00000000000000
0006A700000000
00000000000000
00000000000000
00000000040000
00000000050100
00000000000000
0006A700100000

00000000100001
00000800000000
00010A00000000
02300900000000
00000000000000
00023000000000
00000000000000
00800000000000
00A000000BFFC0
00900000000000
00000000000000
00000040000010
00000050000000
00000000000000

00000400000000
00000500000101
0000000D000000
0008000F000000
000A000F000000
0009000E000000
00000000000000
00800000230000
00A00000002300
00900000000000
00000000000100
01000000000000
00000000000000
00000000000000

00000000040000
00000010050000
00000000000000
000000000400D0
000000000500F0
000000400000F0
000000500000E0
00000000001000
00000000000000
00000000000000
00000000100000
00000000000000
6A700000010000
000006A7000000

00000000000000
00000000000000
00010000023000
00000000000000
0023000BFFC000
00000000000010
00000080000000
000000A0000000
00000090000010
00004000000000
00005000006A70
00000000000000
00000000000100
00000000000000

00000100000000
00000000000000
00000000000000
40000000000000
50000000BFFC00
00000080000000
000000A0000000
00000090008000
0001000000A000
00000000009000
23000000000040
00000001000050
00000000000000
01000000000000

00000008000000
0000000A00000D
0000000900000F
4000000000000F
5023000000000E
00000001000000
00000000000000
00000000000010
00000000000100
00040800000000
00050A00000000
00000900000000
00000000010000
00000000000000

00000010000000
00000D00000000
00000F00000010
00000F00008000
00000E0000A000
00000000009000
00000000000000
40000000000000
50000100004000
00000000005000
00400000000000
00500000000000
0006A700000001
00000000000000

00000000000000
00400000000000
00500000000000
23000000000000
00000000000D01
00000006A70F00
00000000000F01
00800000000E00
00A00100000000
00900000000000
00000000040000
00000000050001
00000000000000
00000000000000

00000000000000
01000000000000
00800000000000
00A00023001000
00900000000000
00000000000000
00000230000000
00000001000100
00000000000080
00000D000000A0
00000F00000090
00000F00023000
00000E00000000
00000000000000

00000000000000
00100000000000
0000000006A700
00010000000000
00400000400040
00500000500050
00000000000000
00000000000000
0000000000000D
0000000000000F
1000000006A70F
0000000000000E
00000000000000
00010000000000

0000BFFC000000
00000000000010
00004000000000
00005000023000
10000000000000
01000000000004
00000000000005
006A7000000000
00000001080000
000000000A0000
00000000090000
00000000000000
00000000000000
00000000000000

00000040000000
00000050000100
00000000000001
00000000000000
00000000100000
00000000000000
00000000000000
00000000000000
0000000BFFC000
00023080000000
800000A0000000
A0000090002300
90000000100000
00000000000000

00000230000000
BFFC0000000001
00000000023000
00000000000000
00004000008000
0000500000A000
00000000009000
00000000000010
00000000000000
00000000000000
6A700000000000
00010000000000
00100000000000
00000000000000

00000400000000
00000500000000
40000000000000
50000000000000
00000000000800
00000000000A00
00000000000900
00000023000000
00000000D00000
00001000F01000
00000000F00000
00000000E00000
000006A7010000
00000000100000

00000000000000
00000000040000
00000010050004
00000000004005
6A700000005000
00000000000000
00000000000000
0100BFFC000000
00000000000000
00000000008000
1000000000A000
00000000009000
00001000000000
00000000000000

0000006A704000
00000000005000
002300D0000100
000000F0000000
000000F0000000
000000E0000000
00000000000000
00000000100000
00000080000000
000000A0000000
00000090000000
00000000023000
00100000000001
00000000000000

00000000000000
800BFFC0000000
A0000000100000
90000010000010
00000004000000
04000005000000
05000000000000
00000000000000
00000000000000
0000040006A700
00000500000001
00000000000000
00000000000000
00000000000000

00004000000010
00005000000000
0000006A700D00
00000000000F00
00000000100F00
00000000000E00
00000000000000
00023000000000
00000000000000
00000080000000
040000A0010000
05000090000000
00000000000000
10000000000000

00000000000000
00000000000000
40000000000000
50001000000000
02300000000010
0006A700000000
00100000000080
000000000000A0
0000D000000090
0000F000000000
0000F000000000
0000E040000010
00000050000000
00000000000000

00000000001001
6A700000000000
00000000000000
00000000000000
00000000000400
04000000000500
05001000000004
00000000000005
0008000D000000
000A000F000000
0009000F000001
0000000E000000
00000000000000
00000000000000

00000000000010
00000000008000
0008000000A000
000A0000009000
00090BFFC00000
00000000000000
00040000000101
00050230004000
00000000005000
00000000000000
00000000000000
00000000000000
00100000000000
00000000000000

00000000000040
00000000000050
00000000000000
00000023000000
00000000023000
00001080000000
000000A0000000
00010090000000
00000000000000
00000000000000
00000000010000
000BFFC0000000
00000000001000
000006A7000000

000000BFFC0000
00000000000000
00400000000000
00500000040000
00000000050000
00000000000000
00000000000000
00000801000000
10000A00000000
00000900000000
00000000000000
00002300006A70
00000000000000
00100000010000

00000000000000
00000000000000
00000000000000
0006A700000000
0000000000D000
0000000000F000
0000400000F000
0000500000E010
04000000000000
05008000001000
1000A000000100
00009023000000
00000000000000
00000000000000

00000800000400
00000A00040501
00000900050000
00000000000000
00000000000000
00000000000000
00000000000000
00000000000000
00000000000000
00000000000000
10000010BFFC00
006A7000000000
00000000000000
00230100000000

00002300000800
00010000000A00
00000000000900
00800230000000
00A00000000000
00900000000000
00000000000000
0000000000000D
0000000000100F
0000000000000F
0000000000000E
00000000001000
00000000230000
00000000000001

00000000001000
00000000000000
00000000000000
0000006A700000
00004000000000
00005040000000
00000050000000
00000000000000
00000000006A70
00000000100000
00000000000040
000000BFFC0050
00000000000001
00000000010000

00000000006A70
00000000000001
00000000000000
01000000000000
40100000000000
50004000000004
00005000000005
00000000000000
00000108000000
0000000A000000
00000009000000
00000000000000
00000000000000
000000BFFC0000

00000000000000
00000000000D00
00000000000F00
00000040000F00
06A70050000E00
00000000000000
00000000000100
00400000000000
00500102300000
00000000000000
00000010000000
6A700000000000
00000000000000
00000000010000

00010000000000
00000000000000
00000000800000
00000000A00000
00400000900000
00500100002300
00000000000000
04000000000001
05000000000000
00000000000000
00000006A70000
000BFFC0000000
00000000000000
01000000000000

0040006A700000
10508000000000
0000A000000001
00009002300000
00000000000000
00000000010000
00000000000000
00000000000000
00000000000000
00000D02300000
00000F00000000
00000F00000000
00000E00000100
00000000000000

10000000000400
00000010000500
D0000000000000
F0230000000080
F00000000000A0
E0008000000090
0000A000000000
00009000000000
00000000000000
00000000000000
00010010000000
00000000000004
00000000000005
00000000000000

08002300000000
0A000000000000
09000000000001
00000000000000
00000004000040
00000005000050
0000000006A700
00D00000000000
00F00000000000
00F00000000000
00E00000000000
00000000000100
00000000000000
10100000000000

000000000000D0
008000000000F0
00A000008000F0
00900000A000E0
00000100900001
00000000000000
00000000000000
00000000000000
00000000000000
10000004000000
00400005000230
00500000000000
00000000000000
00000000100000

6A700000000000
00000000000000
00000100000000
00000000000000
00000BFFC00000
00000000000000
00000000000000
00000800000000
00010A00000001
00000900400000
40000000500000
50230000000000
00000000000001
00000000000000

00000000000000
00000000000000
00000023000000
0000000000000D
0080000001000F
00A0000000000F
0090000000800E
0000010000A000
00000000009000
00000000010000
00000004000000
00000005000000
23000000000000
00000000001000

00000000023000
00000000000000
00000000000000
08000000230000
0A000000000000
09000000000800
00000002300A00
00000000000900
01000000000000
000100BFFC0000
00000000000000
00000000000000
00000000000010
00100000000000

00000000000004
00010000000005
00000000000040
00000000000050
00000000000000
00000000000230
00000006A70001
00000000000000
08000000000000
0A000000BFFC00
09000000000000
00100000000000
00000001000000
00000000000000

00000000000000
10000000000000
00002300000000
00000000000000
0D0000006A7000
0F000000000000
0F000100000000
0E000000000000
00800000000000
00A00400000100
00900500000000
00000001000000
00023000000000
00000000000000

00000000000000
00000000100230
00000004000000
00000005000010
00000000023000
00000000000000
00000000080000
010000000A0000
00000080090000
000000A0000000
00000090BFFC01
00000000000000
00000000000000
00000000000000

00000000000080
000000000000A0
00000000010090
00000000000400
00000000000500
00000100000000
00000000800000
0D000000A00000
0F000230900000
0F000000000000
0E000000000010
00000000000000
02300000000000
00000000000001

00000000100000
00000000000000
6A700000000000
00000000000000
00000000010000
00400000006A70
00500002300000
0000D000000010
0000F000000000
0000F000010000
0000E000000000
00000000000000
00230000000000
00000000000000

01000002300000
00000000000000
00000006A70000
00002300000000
00000000000000
0000BFFC000000
00000000000000
00001010000000
00000000008000
0000000000A000
00004000009000
00005000000001
00000000000000
00000000000000

00000000001000
00000010000000
00000000000000
00000000000800
40000001000A00
50000000000900
00000000040000
06A70000050000
00000000000000
00BFFC00000000
00000000000000
00000010000000
00000000000000
00002300000000

00000000000000
00000000000000
00000000000000
00000001010230
000BFFC0000000
00000000100000
00023000000000
00000000000008
0000000000000A
00000023000009
00000100000000
00000000000000
00000000000000
0006A700000000

00000000000000
00080000023000
000A0000000000
00090100000000
00000000100000
00000000000000
BFFC0000000000
000006A7000000
00000000000000
00000000000000
00000000000400
00000000000500
00000100000000
00000002301000

04000230BFFC01
05000000000000
00000000000100
00000000000000
00000000100000
00100000000000
0000000006A700
00000000000000
00000000000000
00000000000000
6A700004000000
00000005000000
00000000000000
00000000000000

00000000000004
010000BFFC0005
00000000000000
00000000000100
00004000010000
00005023000000
00000000000000
00800000000000
00A00000000000
00900008000000
0000000A001000
00000009000000
00000000000000
00000000000000

00000000000001
00000000000000
00002300000100
00400000000000
00508000000000
0000A000000000
00009000000000
00000230000000
00000000000000
00000000000100
80000000000000
A0000000000010
90BFFC00000000
00000000000000

23000000000001
00001080000000
000000A0000000
00000090000000
000000000000D0
000000000000F0
000000000000F0
000000000000E0
23000000080000
000023000A0000
00000000090000
00000000000000
00010010000000
00000000000000

00000100000000
00000008000000
0000000A000000
02300009040000
000D0000050000
000F0000000000
000F0006A70000
000E0000000010
00000000000000
00100000023000
00000000000000
00000000000000
00000000000000
00001000000000

00000000000000
00000000000000
00001006A70000
01000000000000
10000000000000
00000000004000
00000000005000
00000010000000
00BFFC00000000
0000000006A700
00000000000000
00000000002300
00000000000000
00002300000000

00000230000000
00000000000000
00000000000000
00000000000000
00000000002300
00000100000000
00000000000000
00006A70000000
BFFC0000000400
00000000000500
00000000000008
0000000000000A
10001000000009
00000100000000

10000000000800
00000010000A00
00000000230900
00000100000000
40000000004000
50000000005000
00000000000000
00000000000001
00000000000000
00000000000800
000000BFFC0A00
00000000000900
00000000000000
00000000000000

00104000000000
00005000000010
00000000000000
00000000000000
01000000400000
00000100500000
80000000000000
A0000000000000
908040000D0000
00A050000F0000
009000000F0000
000000000E0000
00000000000000
00000000000000

00100023000008
0000000000000A
00000000000009
1000D000040000
0000F000050000
0000F000002300
0000E06A700000
00000000000000
00000000000000
00000000000000
00000010000000
00000000000000
00010000000000
00000000000000

00002300000000
00000008000080
0000000A0000A0
00000009000090
00000000000000
01000000000000
00000000000000
0000BFFC000100
00000000000000
00000000000000
00000023000100
00230100000000
00000000000000
00000000000000

00000000000000
006A7000000010
000000BFFC0000
00000000000000
00000000000000
00000000000000
00000000001000
00000000000000
10000000000000
00000000006A70
00000004000000
00002305000000
00100000000000
00000000000230

00000000000000
00000000000000
0BFFC000010000
00000000000000
00000000000000
00010000002300
00000000100000
00000000000000
00023001000000
00000000000000
00000000000000
023006A706A700
00000000000000
00000000000000

00000000000000
00000000000000
00000000000000
00000000000000
00000000000800
0BFFC000000A00
00000000000900
00000000000000
00023000000000
00000000002300
06A70010000000
00000000001000
00100000000000
01000002300000

01000040000000
00000050000000
00000000000000
00000008000100
0000000A023000
00000009000000
00000000000000
00100040000000
00000050000000
80000000000000
A000000BFFC000
90000000000000
00000001000000
00000000000000

00000000000000
6A700000001000
00000023000000
00000000000001
00000000000000
00000000000000
000000000D0001
080040000F0400
0A0050000F0500
090000000E0000
00000000000001
00000000000000
00000000000000
00000000000000

10000000000040
00023000000050
00000000000000
00000000000000
00000000000000
00000000000230
00000000000000
BFFC0000000000
00000000000080
000000010010A0
00000000000090
10000000000000
0000006A700000
00000000000000

00000000000000
00023000000000
6A700D00000000
00000F00230000
40000F00000000
50000E00000000
00001000000000
00000000000000
00000000100000
06A70000000000
10000000000000
00000000000000
00000000000000
00000000000010

00000000000000
00000000000000
04000000000000
05000000000000
0001000BFFC000
00000000000100
00000000800000
04000000A00000
05000010908000
0000000000A000
00000000009000
00000000000004
10000000000005
00000000000000

00000001000000
00000000000000
00000000D00000
006A7000F00001
00000000F00000
00000000E00000
00000000000000
0106A700000000
00000000000004
00000000000405
00000000000500
00000004001000
00000005000000
00000000000000

00000000000000
00000000100000
00000000000000
00000000000000
000000006A7000
00000000000004
00000000000005
00000010000000
000D0000000001
000F0004000000
000F0005001000
000E0000000040
00006A70000050
00000000000000

10000000000000
00000000000000
00000006A70100
00000010001000
000000000000D0
000000000000F0
000000000000F0
000000000000E0
00000400000000
00000500000000
00000000000000
0006A700402300
00000000500000
00000000000000

00000040000000
00000050000000
00000000000000
0006A70006A700
10000000000000
00002300000000
00000040000000
00000050100000
00000000000000
0BFFC000000000
00000000000000
00100000000100
00000000000000
00000000000000

00000BFFC00000
00000000000000
00000001010000
00040000000000
00050000000000
00100000000000
00000000000008
0000000000000A
00000000000009
00000000000100
00000000230000
00000000000000
0006A700000000
00000023000000

00230000010000
00000000000000
00000000000000
6A700008000000
0000000A000000
00000009000010
00000000000000
00004000000000
00005000000000
0D000000023000
0F000000000000
0F000000010000
0E000000000000
00000100000000

008000BFFC0000
00A00000000000
00900000000000
00000000000000
00000000000400
00000000000500
00000000000000
00000100023000
06A70000000000
00000000000000
00000023000000
00000000000000
00000001000001
01000000000000

00010000000001
00000000000000
040BFFC0000000
05000000000230
00000000000000
00000000000000
00010000000000
00000000000000
00000000000000
006A7000000000
00000010000000
00000006A70000
00000000000000
00000230000000

00000000000000
0000000000D000
0000000000F000
0230010000F000
0000000000E004
00000000000005
00000000006A70
00000000000000
00000400000080
000005010000A0
00000000000090
00000100000000
00001000000000
00000000000000

06A70000000000
00000000000000
01000000000000
00000000000000
00004000000000
00005000000000
00000401000000
23000500000000
0000006A70D000
0000010000F000
0000000000F000
0000000010E000
00000000000000
00000000000000

00D00000000000
00F00000000000
00F00000000000
00E00001000000
00000000000008
0000000000000A
00000000040009
00000000050000
00000000000000
00000800000000
00000A00023000
00010900000000
01000000000001
00000023000000

00000000000000
D0001040004000
F0000050005000
F0000000000000
E0000000000000
00000000000000
00000000000000
00000008000000
0000000A000000
00008009000000
0100A000000000
00009000100000
02300000000000
00000000000100

00000000000000
00000000000000
40000000000000
50000000000000
00000000006A70
00000000000000
00000000000800
00000000000A0D
0000000000090F
4000000000000F
5001000010000E
00000000010000
00023000000000
00000010000000

02300000000000
00000000000000
00000000000000
00000000000001
0000000006A700
00800000000000
00A00230000100
00900000000000
00000D00040010
00000F00050000
00000F01000000
00000E00000000
00000000000000
00000000000000

00000000000000
00000000000000
002306A7000000
00000000000000
00000400000000
00000500000000
0D001000000000
0F000000000010
0F008000000000
0E00A000000000
00009023000000
01000000000000
10000000000000
00000000000000

00000010400000
00000000500000
01000000000004
00000000000005
00BFFC00001000
00000000100000
6A700000000000
00000000000000
00000023000000
00000000000000
00006A70000000
00000000000000
00000000000000
00000000000000

00000000230000
00000000000400
01000000000500
00000000000000
00000010000000
00000000000000
00000000800000
00006A70A01000
0D000000900000
0F000000002300
0F000000000000
0E000001000000
00000000000000
00000000000000

00000000000000
00000000000000
00000000000000
00010000000000
00000000000000
0000000000D008
0000000000F00A
023006A700F009
0000000000E000
00230000000000
00000000000000
00000230000000
00100000000101
00000000000000

00000400000000
0000050BFFC000
40000000000000
50000000000000
00000000000000
00000000801000
10023000A00000
01000000900000
00000000000000
00000000000800
00000000000A00
10000000000900
00000000000000
00000000000000

00001000000000
00000010000000
00000000000000
00006A70000000
02300000000000
00000000000100
0000000000000D
0000080000000F
00000A0400000F
0004090500000E
00050000000000
00000000000000
00000000000000
00000000001000

00000000000100
00000000000000
23000000000000
00000D00000000
00000F00000000
00000F00000000
00100E00230000
00000000000000
00000000010000
02300000000000
00000000080000
000000000A0001
00000000090000
6A700000000000

006A7000000000
00000000000000
00000000000000
00000000000230
00000100100000
00000000000000
00000000000010
00230000000000
80000010000000
A0000000000000
90000000000000
0000BFFC023000
00000000000000
00000000000000

00000000000000
00000000000000
00000000000000
00000000000000
00000000000000
00000000008000
0000000000A004
10000000009005
00000000000000
0000800040000D
1000A00050000F
0000900000000F
0000000001000E
00010000000230

0006A700000000
00000000000000
40000000000000
50010040000D00
00000050000F00
00000000100F00
00000001000E00
00000000000001
00000000000000
00000000000000
00000000000000
06A70004000000
00000005000000
00000000000000

40000000000000
50000000000000
00000002300000
00000000000000
10010000000000
00000000000230
00000000800000
00000000A00000
00000000900000
006A7000000000
01000000000000
00000000BFFC00
00000000000000
00100000000000

00000000000000
00230000000000
00000000004000
00000800005000
00000A00000000
00000900040100
00000000050000
00000000000800
00000000000A00
10000000000900
00000000000000
00000100000000
0BFFC000000000
00000000000001

00000000000000
00000000000230
00800000000000
00A00000000000
009000D0000000
000000F0000000
000000F0000000
000000E0400000
00000000500000
00000800000000
00000A00000000
10010900100000
00000000000230
00000000001000

00000000000000
00000000000000
00000000000000
00000000010000
00100000000000
00000006A70000
00000230000000
0D010000000000
0F000010000000
0F000000000000
0E000000000000
0000000006A700
23000000000000
00023000000000

00010000000000
6A700000001000
00000000000000
00000080000000
000000A0010000
00000090000000
00040000000000
00050000BFFC00
00000000000000
00040000000000
00050000000000
01000000000000
00000000000230
00000000000000

00000000000000
00000000000000
00BFFC00000000
00000000040101
00000000050000
00000000000080
000000000000A0
00000000001090
00000230000000
80000000000000
A0000004000000
90000005000000
00000000000000
00000000000001

6A700000000000
00000000000000
00000000000000
00100008000400
0000000A000500
00000009000000
10000230000000
00000000000000
00000004000000
00000D05000000
00000F00000000
00000F00000000
00000E00000000
00000010000010

00000000000000
40000000000000
50100000000000
00000108000000
0000000A000000
00000009000000
00000000230000
00002300000800
00000000000A00
00000000000900
00000000000000
00000000000000
000BFFC0000100
00100000000000

00100000100000
00040000010000
00050000000000
00000230000000
00000000000000
00000000000000
00000400000800
00000500000A00
10000000000900
00800000000000
00A00000000000
00900000BFFC00
00000000000000
00000000000000

00000001000000
00000000000000
00230000010080
000000000000A0
00000000000090
00000100000000
00000000000000
00000230000000
0000000BFFC000
6A700000000040
00000000000050
00000000000000
00000000000000
00000000001000

