0000000000000
00000BFFC0000
0000000000000
00006A7004000
0000000005000
0000100230000
0000000000000
0001000000080
00000000000A0
0000000000090
0000000230000
1000100000000
0000000000000

006A700000000
0000000023000
0000000000000
0000000000100
0000000000000
00000BFFC0000
0000000000000
0000000002300
00006A7000000
0000000001000
0000000000010
0000000000000
0000230000100

0000000000000
00006A7000000
0000000000000
0000000000000
00006A70BFFC0
0000000400000
0001000500004
0000000000005
0000000100000
0000000000000
0400000000000
0500000000000
0000001000100

0000000000000
0000000000000
0000400000000
0000500000010
06A70BFFC0000
0000000000000
0006A70000000
0000000000000
0230000000000
0000000230000
0000000000001
0001000001000
0000000000000

0000000002300
0230000000000
0000000000000
00006A7010000
0000000000040
0000000000050
0000000000000
80000000BFFC0
A000010000000
9000000000000
0000000000000
0000000010000
0000000000100

0000000001000
0000000000000
000000BFFC000
0102300000000
0000000023000
0010000000000
00006A7000000
0000000000000
0000000000000
0000000230000
0000000000000
0000000000000
00006A7001000

0000000001000
2300000000001
00BFFC0000000
0400000000100
0500000000000
0000000000000
06A7000000000
0000000000800
0000000000A00
0000000000900
0000230000000
0000001000000
0000000000000

0000000000010
0023000000000
0000000100000
0230010000000
0000000008000
000000000A000
0000000009000
0000000000000
10000000000D0
00000008000F0
0000000A000F0
00000009000E0
0000230000000

0000000BFFC00
0010000000000
0000000000000
0000000023000
0000000000000
0000000000000
8001000002300
A000000000000
9006A70000000
0000000001000
0000400000010
0000500000000
0000000000000

00000000D0000
00001000F0000
00000000F0000
00080000E0000
000A000000000
0009000000000
0400000010000
0500004000100
0000005000000
0000000001000
0000000000000
0000000000230
00000006A7000

0000004080000
00000050A0800
0000000090A00
0000000000900
0000000000000
D000000000000
F001000001000
F000100000000
E000004000000
0000005000100
0400000000000
0500000000000
0000000000000

0000010001080
00230000000A0
0000001000090
0000000000000
00000000BFFC0
2300100000000
0000000000000
0023080000000
00000A0000000
0000090000000
0000000000000
0000000000000
0000000000000

6A70000000001
00000000000D0
00000000000F0
00000000000F0
02300002300E0
0000000000000
0000010000000
0000000000000
0000000000000
0000008000000
000000A000004
0000109000005
0000010000000

2300010000000
0010000000000
0000000000000
1000000000000
0BFFC00000100
0000000000000
0000000400000
0000000500000
06A7080000000
00000A0000000
0000090000400
0000000000500
0000000000000

0000000000000
0001001000000
0000000000000
00000006A7000
0000100000000
0000001000000
0000000000000
0000BFFC00000
0000000000000
2300000000000
0000002300230
0000000000000
06A7000000000

0000000000001
0001000000000
0080800000000
00A0A0D000000
009090F000000
000000F010000
000000E002300
0000000000000
0000004000000
0000005010000
4000000000000
5000000000000
0000000000000

0010023000800
0000000000A00
0000000400900
0000000500000
000000D000000
000000F001000
100000F000040
000000E000050
0000000000000
0000000000000
0000000000000
0006A70000000
0000000001000

0000000000000
0000000000100
0230023000000
0000000000000
006A700000000
1000004000000
0000005000010
0000000000000
0000000010000
6A70000000000
0000000000000
00000000BFFC0
0000000000000

0000000000000
0040001000008
005004001000A
0000050000009
6A70000000000
0000000000000
1000023000000
0000000000000
0000D00000000
1000F00000000
0000F00000000
0000E00000000
0000000000000

0000000000000
0000000400000
06A7000500000
000000000000D
100000000000F
000000000000F
000000000000E
0100000000400
0000000000500
0023000001000
0000000000000
06A7000100000
0000000000000

0000000000000
0010004000040
010000500D050
000000000F000
000000000F000
0006A7000E000
0000008000000
000000A000000
0000009000400
0000000000500
0000000000000
0000000000010
0000000000001

0000000400000
0000000502300
1000000000000
0000001000000
0000000000000
0000000000000
0000000000000
0000000000000
2300000000000
00006A7000000
0000000000000
BFFC06A701000
0000000000100

0000000000008
230000001000A
00000D0000009
00000F0000000
23000F0000000
00000E0000400
0010000000500
0000000000000
0000000000000
0000108000000
000000A010000
0000009000000
0000000000000

0000000000000
0000000000000
0000000100000
0000000000400
0000080000500
00000A0000001
0D00090010400
0F00000000500
0F00400000000
0E00500001000
0000000000000
00006A7000000
0000000000000

0000000000230
0000000000000
0010002300000
0000000000000
080006A700000
0A01000000000
0900000000000
0004000010000
0005000000000
000000BFFC000
0000000000000
0000000000000
0000000001000

4000000000000
50006A7010000
0000000000000
0000000000000
0000000000000
0000000000000
BFFC000000104
0000000000005
0006A70000000
0100000000000
0000000000000
0000000000000
0000230000010

000000000D000
000000000F000
006A70000F000
000000000E000
0000002300000
0000010000000
0000000001001
0000000000000
000040006A700
0000500000000
0000000400000
0000000500000
0000100000000

0000000000000
06A7000000000
0000010000000
0000001000000
0000000400000
0230000500080
000000D0000A0
000000F000090
000000F000000
000000E010000
0000400000000
0000500000000
0001000000000

0000000000000
0000100000000
0000000000000
0000000400400
0006A70500500
00000000100D0
00230000000F0
00000000000F0
0000006A700E0
0000000000000
0000000000001
0000100000000
0000000000000

0000000000000
0000002300100
06A7000000000
0000000000000
0BFFC00000000
0000000010000
0000000000000
6A70000000000
0000040000000
1000050001000
0000000000000
0230000000000
0000000000000

0100000000004
0000000000005
0080230000000
00A00006A7000
0090000000000
0000000000000
00BFFC0000000
4000000000000
5000000000000
0000010000000
0000001000000
1000000000000
0000000000000

0000000000000
000000000D000
000100000F000
000000000F000
000000000E000
0010000230000
0000001000000
0000000000000
0000000402300
1000000500000
0000000000000
06A7000000000
0000000006A70

0000000000000
0000000000000
0000004000000
0100005000000
0010000006A70
0000000000000
0000000004000
0000000005000
0000000000000
0000000000000
00BFFC0010000
0000000006A70
0100000230000

0010000000000
00000006A7000
06A7000000000
0000000023004
0000010100005
0000000000000
0000000000000
0000000000000
0000BFFC00000
0000000000000
0000000000000
0000000230000
0000000001000

0000000000000
0000000000000
0000000000000
6A70000000800
0000000400A00
0001000500900
0100000000000
0000104000000
0004005000000
1005000000000
0000000000000
0000000000000
0000BFFC00000

0000000010D00
4000000000F00
5010000000F00
0000000000E00
0000000023000
0000000000000
1000000000000
0000000000000
006A700000000
8000001000000
A000000000000
9002300000000
0000000000000

0000000000000
0000000000000
0000000000000
0000000000000
040000006A700
0500000000000
0000008000000
000000A023000
0BFFC09000000
1000000100000
0023010000000
0000000000000
0000001000000

0010000000000
0000000000100
006A700000000
0000000000000
0000000000000
0000800D00400
0010A00F00500
0000900F00000
0040000E00000
0050000000000
0004000000000
0005000000000
0100000000000

0000000000000
0000000000000
0000000000001
0006A70000000
0000000001000
6A70000000000
000D000000000
000F000000000
000F000000104
000E000400005
0000230500000
0100000000000
0000000000000

1000000008000
000000000A000
000000000900D
001000000000F
23000006A700F
000000000000E
1000000000000
0000000000000
0000000000000
0000023000100
0000000000000
0000000000000
0000000023000

8006A70000000
A000004000000
9000005000000
0000000000000
0001000010000
0000000000000
0000000001000
0000000000000
0000000000004
0000000000005
000BFFC000000
0000000000000
0230010000000

0000000000000
0000101002300
0000000000000
0000000000000
0000000800100
06A7000A00000
0000000900000
0000000000000
0000000000000
000000BFFC000
0400000000100
0500230000000
0000000000000

0000000023000
0000000000000
0000000080000
00000000A0000
0000000090100
0000101004000
0000000005000
0000000000000
0000000000000
0000002300000
0000000000000
6A7000BFFC010
0000000000000

0230100000000
1000000000000
06A7000000000
0000080010000
00000A0000000
0004090000000
0005000000100
2300000000000
0000BFFC00000
0000000000000
0000000000000
0000000000000
0000000000000

0000000000000
1000000000000
000000000D000
000004000F000
040005000F001
050000000E000
0000000000000
6A70100000000
0000000000000
0008001000000
230A000000000
0009000000000
0000000000000

6A70000000000
000000D000000
000000F010000
000230F000000
000000E000000
006A700000100
0000000010000
0000400000000
0000500000000
0010000000000
0000000000000
0000000000000
0000000023000

0001000000000
00006A7000000
0000000000000
0800000000000
0A01000002300
0900001000000
0000000002300
00BFFC0000000
0000000000000
0000000000001
0000000000000
0000000230000
0000000000000

0000001000000
0000000000000
0000000000400
0000000000500
0000000000000
0230100000000
0000000100000
00BFFC0000000
0000000000004
0000008000005
000100A000000
0000009000000
006A700000000

2300000000000
0002300000000
0000000100800
0000000000A00
1000230000900
0010000000000
0800000000000
0A00000000000
0900000000D00
0000000100F00
0000000000F00
0000000000E00
0000000000000

0000000002300
0000000000000
0000000006A70
0001000000000
000000BFFC000
0100000000000
0000000000000
0000002300000
0230000000008
000000000000A
0000100000009
0000000000000
0000000000010

06A7000000000
0000000000000
0000100000230
0000000040000
0000001050000
0000000000000
0000000000000
0000000000040
06A7000000050
000000BFFC000
1000000000000
0000000000000
0000000100000

4000000000000
500006A700100
0000000000010
6A7000BFFC000
0000000000000
0000000000000
0000000000000
0000002300000
0000000000040
0000000010050
0000000000000
0000000000000
0000001000000

0000000010000
0040000000000
0050001001008
000000000000A
040000006A709
0500000000000
00000000D0000
00000000F0000
00000000F0000
00000000E0000
0000000000000
0000000000000
2300010000000

00D0006A70000
00F0000000000
00F0000000040
00E0000100050
0000000000000
0230000023000
0000100000000
0800000000101
0A00000000000
0900000000000
0000000000000
0000000000000
0000000000000

0000000000000
0002300000000
0000000000000
006A700000000
0000000000000
0000000000000
0000000000000
0000100000000
0004000000000
0005000BFFC00
0000040000000
0001050000000
010000006A701

0000004000000
0800005000000
0A08000001000
090A000000000
0009001000000
00000000000D0
00000000000F0
00000000000F0
00000000000E0
0000000400000
0000400500000
0100500000000
0000001000000

0000000000000
0000000080000
00023000A0000
0000000090800
0000230000A00
0000000000900
0100000400000
0000000500010
00BFFC0000000
0000000000000
0100000000000
0000000000000
0000001000000

0010000000000
00006A7000000
0000000400000
0000000500000
0000000000000
0000000000800
0000000000A00
0000000000900
0100BFFC00000
0000000000000
0000000010000
0000023000000
0002300100000

0010000000000
0D00000080000
0F000000A0001
0F00000090000
0E00000000010
0000040000000
0000050000000
0004000000000
0005000000230
0000000000000
6A70000000100
0000000000000
0000000000000

0000000000800
000BFFC000A00
0000000100900
0000000023000
0000000000000
6A70000000000
0000000230000
0001000000000
0000000001040
0000000000050
0000000000000
0000000100000
0000000000000

0000000000000
0001000001000
0000000000000
BFFC080001000
00000A0000000
0000090000000
0000000000000
0000000002304
006A700000005
0000000000000
0000004000000
0000005000000
0000000010000

0001000000100
0000000000000
0000000000000
06A7000000040
000000D000050
000400F010000
000500F000000
000000E06A700
0000000000000
1000000000000
0000000000000
0000002300000
0000000000000

0230023000008
000000001000A
0000100000009
0000000000000
0000000000008
040000000000A
0500000000009
0000000000000
0000100000000
0000010000000
0000000000000
0000BFFC00000
0000000000000

0000000000000
0100004080000
00000050A0000
0000010090000
0000000000000
0000D00000000
0010F00000230
0000F00000000
0000E00000040
0000000100050
000000006A700
0000000000000
0000000000000

0000000000000
06A700006A700
0000000000000
0000000002300
0000BFFC00000
0000000000000
0000002300000
0000000000000
0010000000000
0000000000000
0000001023000
0000000000100
1000000000000

0800000400100
0A00000500000
0900000000000
0000000080001
00230000A0000
0000001090000
0000000000000
0000000000000
0002300000000
0000000000000
000BFFC000000
0000000000000
0001000000000

0000100001000
0000000000000
0002300000000
0000000000000
0400000000000
05006A7000040
0010000000050
0000000000000
0000000000000
0000000000000
00000000BFFC0
0100000000000
00006A7000000

0080000000230
00A0000100004
0090000000005
0000000000000
0000000000000
0000000023000
0000000000000
1000000000D00
0000000080F00
00000000A0F00
0000000090E00
0000000001001
0000000000000

0000000000004
0000000000005
0000000000000
0008000000040
000A000000050
000906A700000
0010000000000
0000000000000
0000000000100
0001000000000
0000000010000
0000000000000
2300BFFC00000

0230000001000
0000000000000
0080000000000
00A0000000000
0090000000010
0001000000000
0000000400000
0000000500230
00800D0000000
00A00F0000010
00900F0000000
00000E0000000
0000000000000

000000D000000
000000F000000
000800F000000
000A00E040000
1009000050000
0000000000000
0000000000000
0000000000000
2300000000000
0000004000100
0000005000000
0100000000010
0006A70000000

0000000BFFC08
000100100000A
0000000000009
0000000000000
0000800000000
0040A00040000
0050900050000
0000000000000
0000000000000
0010000000000
0001040000000
0000050000000
0000000000000

0000000000000
0004000023000
0005000000000
0000000000000
0000BFFC06A70
0000000000000
0010000000000
000000006A700
0000000000000
0000000000000
0010000000000
0000000100000
0023000000010

1001000000000
0000000000000
0000000001008
000000010000A
0000230000009
0000000000000
0000000000000
000000D000000
000000F000040
004000F000050
005000E000000
0000000000000
0006A70000000

0000000023000
0000080000000
00000A000000D
000009000000F
000000000000F
000000023000E
0000023000000
000000006A700
0000000000000
0000000000000
0100010000000
0010001000000
0000000000000

0000000000000
000D008001000
000F00A000004
000F009000005
100E000000000
0000000023000
0000000000000
0000000000000
0000000000000
6A70023000000
0000000000000
0000000000000
0000001000010

0000000000010
0006A70000000
0000000000000
0000000000000
0000000000230
0000000000000
0000100000000
000800BFFC000
100A000000010
0009000000000
0000000004000
0000000005000
0023000000000

0000000000000
0000000000000
0800000000000
0A00BFFC00000
0900000000000
0000000000000
0000000000010
0800000002300
0A00004000000
0900105000000
0000000000000
0000010000001
0000000002300

0000000000000
0010000006A70
0000000000000
0000006A70000
0000010000000
0010000000000
0000000000000
0000000400000
0230000500000
0000000040000
0000000050000
BFFC010000000
0000000000000

0000000000080
00000000000A0
106A704000090
0000005000100
0000000000001
0000000000D00
0000000000F00
0000000000F00
0001000000E00
0000000000000
0002300000000
0000000000000
0000230000000

0230000000010
0000000000000
0000000000000
0040000000100
0050000000000
0004000000D00
0005000000F00
0000000000F00
0000000000E00
0000000001000
0000000000000
6A70000000000
0000006A70010

0000000D00000
6A70000F00000
0000000F00000
0000000E00001
0000000000000
2300000000000
0001000000000
0100000000000
0000000000000
06A7000000000
0000010000400
0000000230500
0000000000000

0000000000004
0000006A70005
0000000000000
06A7000002300
0000000000010
0000000000000
0000000000000
40D0100000000
50F0000001000
00F0000010000
00E0000000000
0000000000000
0000000000000

0000000000040
00000006A7050
0000000000000
0400000000000
0500000000000
0000000008000
000000000A010
BFFC000009000
0000000000230
0000000000001
0000000100100
0000000000000
0000000000000

000BFFC000000
0100000000000
0000000002300
0000000010000
0000000000000
0000000000000
0000000000000
0000000000000
0080040000000
00A0050000080
00900000010A0
2300000000090
0000100000000

0000000023000
0000000000080
00000000000A0
0000000100090
0000000000000
0000000000000
0000BFFC00001
0000000000000
1008000040000
000A000050000
0009000000230
0000000001000
0000000000000

1000000000000
0100000000000
0000000000000
0000000000400
000000D000500
000000F010000
000000F006A70
000000E000008
000000000000A
0000230000009
0000000004000
0000010005000
0000000000000

0000000000100
0000040400080
00000505000A0
0000000010090
0000000000000
0000000000000
0000000000000
00010D0000000
00000F0800000
00000F0A00000
10230E0900000
0000000000000
0000000000000

0000000000000
0000000000001
0400000000000
0500000023000
0000100000000
6A70000000000
00000006A7000
0000000000010
00BFFC0000000
0000000023000
0000010000000
0000000000000
0000000000000

4000000000000
5000000000000
0000000000000
0001000000000
0000000000000
0400000000000
0500080000000
00000A00BFFC0
2300090000001
0000000000000
0000000000000
1000000000000
06A7000010000

0001000004000
0100008005000
000000A000000
0000009002300
0000000000000
000000000D000
000010010F000
000000000F000
06A700000E000
0000000000000
0000000000000
0000000000000
0023000000000

0008000004000
000A00D005000
000900F000000
000000F000000
001000E010000
0000000004000
0000000005000
00006A7000001
0000000000000
0000000000000
0000000000000
1000000000230
0000000000000

0000000000000
0000000000040
0000000000050
000010D040000
000000F050100
06A700F000000
000000E006A70
0000000000000
0000000000000
0000010000000
0000000001000
0000000000000
0230000000000

BFFC000400000
0000000500000
8000000000000
A000010000000
9000000000000
0000000000000
0100002300000
0000000000000
0000000000400
0000000000500
0000000000000
0000006A70000
1000100000000

1000000040000
0000000050001
0000000D00080
0000010F000A0
0000000F04090
0000000E05000
0000000000000
0000000000000
0010000000000
0000000000000
0000002300000
0000000000000
6A70000000000

0000000000000
000230006A700
0D00000000000
0F00400000000
0F00504000080
0E000050000A0
0000000000090
0000000000000
0000000000100
0000000010000
0000000000000
0100000000100
0000000000000

0000000000000
0000000000000
0000230002300
0000008000000
06A700A000000
0000009000000
0000000000100
0100000400000
0000000500100
0BFFC00000000
0000000000000
0000000000000
0000000000100

0000000023000
0000004000000
0400105000000
0500000010000
0000000000000
008006A700000
00A0000001000
0090D00000000
0000F00000000
0000F00000000
0000E00001000
0000000000000
0000000000000

0000004008000
000000500A000
0000000009000
0000000000000
0100023000000
0000000000000
0000000000000
0010000230000
0000000000000
000000006A700
0100000000000
0000000001000
000BFFC000000

000006A700000
0100000000000
0000400000000
0000500000000
0010002300100
0000000000000
0000000000000
001000D06A700
000000F000000
000000F004000
000000E005000
0000000000000
0000000000000

