0000006A700000
00000000000000
00000000000000
D0000000000000
F0000000010000
F0040000000000
E0050000800000
00000040A00000
10000050900000
00000000000000
00000002300000
00000000000000
00000000000000
01010000000000

00000000000000
0000000006A700
10000000000000
00000000000000
0000000D002300
0000000F000000
0000100F000000
0000000E008000
0001000000A000
00000000009000
00000000000000
00000000000000
00000000000230
00100002300000

10000000000000
00000000000000
0000006A700000
00000000001000
00000000000000
0000BFFC000000
00400000000000
00500000000000
00000080000000
000000A0000230
00000090000000
00000000000400
01000000100500
00000000000000

00000000000000
00000000000000
00000004000000
00D00005000010
00F00000000000
10F006A7000100
00E00000000000
00000000000000
00000000000000
00100000000000
00000400000800
00000500000A00
00000002300900
00000000000000

00000000000000
00000000010000
00000000000000
00000000000000
00000000100000
00230000000000
00000006A70000
6A700000000100
00004000000000
00D05000000000
00F00000002300
00F00000000000
00E00010000000
00000000000000

00000000000000
0000D006A70000
0000F000000000
0000F00406A700
0000E005000000
00000000000000
00000000000000
00004010000000
00005000000000
10000000000000
00000000000000
02300000100000
00000000000100
00000000000000

02300000000000
00000000000000
00008000000000
0100A000000000
000090010BFFC0
04000000000000
05000000001000
00000000000001
00000000000000
00000000000000
04000000000000
0506A700000000
00000000000000
00000000000000

00000000000000
00000000010000
00000000000000
00000004000080
004000050000A0
005000000D0090
000000000F0000
100000000F0000
000040000E0000
00005000000010
00000000000000
0000006A700000
00000000000000
00100000000000

00000004000000
00000005000000
00023000000000
00000000000000
00006A70000000
00000000000000
00000000000000
00BFFC00000000
000000006A7001
00000000000000
01000000004000
00010100005000
00000000000000
00000000000000

00006A70000010
00000000000000
00000000000000
00100000000000
00000040000000
00080050001000
000A0000000000
00090000000000
00000D01000000
00000F00000000
23000F00000000
00000E00002300
00000000000000
00000000000000

10230100000000
00000000000000
0000D023000000
0080F000000000
00A0F000000000
0090E000000000
00000000000000
00000000000000
00000001000000
00000000000000
00006A70000000
00000000000230
01000000000000
00000000000000

00100006A70000
00000000000040
00000000000050
00000000000000
000000000BFFC0
00000000000000
10000000000000
00000000006A70
00000000000000
00100000000000
00000002300000
00000000000400
00000100000500
00000000000000

00000000000000
00000000000000
00000008000000
0000100A000000
00000009000000
00023000000010
00000000080000
040000000A0000
05000000090010
00000000000000
000400000BFFC0
00050000000000
00000000000000
01000000000000

00000000000000
00000000000000
00001000100000
00000000000000
6A700000000000
00000000023000
00000000000000
40000000000000
50000000000000
000000000BFFC0
00000000000000
00000230000001
10000000000000
00000006A70000

00000000000000
0000000D000000
0230000F000000
0000000F001000
0001000E000000
00000000008000
0000000000A000
00000000009000
00000000000000
00010000000000
00000000040000
06A70000050000
00000000000000
02300010000000

00006A70000230
00000000000000
00000000001000
01001000000000
00000000000400
00000000000500
00000023000000
01000000000000
00000000000000
000000000D0000
006A70000F0000
000000000F0000
000000000E0000
00000000000000

00000000000100
00000000000000
00800000000000
00A00000000000
00900000000000
00000000000000
00230000000000
00000000010230
0BFFC000000000
00000000000000
00000000000000
01000000000001
000002306A7000
00000000000000

00000000000000
00000D00000000
00000F00000000
00000F00002300
00400E00800000
00500000A00000
00000000900000
00000000000000
00000000000001
10000000000000
0000000006A700
00000000000000
01000000023000
00010000000000

00000000000100
00000006A70000
04000000000000
05001000000000
00000000000000
01000004000400
00000005000500
00000000000000
08000000000000
0A000000000000
09000000000000
00000000000000
000000BFFC0000
00000000000010

00000000000001
00000023000000
0000D000001000
0000F040000000
8000F050000000
A000E000000000
90000000000000
00000000008000
0000000000A000
00000000109000
00023000000000
00000000000000
01000000000000
00000000000000

0010D002300000
0000F000000000
0000F000000000
0000E000000000
00000000000001
80002300000000
A00000006A7010
90000000000000
00000000000000
00000000000000
00000010000000
04000000000000
05000000000000
00000000000000

00000000000230
10000000000000
00000000000000
00000BFFC00010
00000000000000
00000000000000
40000000000000
50800000000000
00A04000001000
00905000000000
00000000000000
000000006A7010
00000000000000
00000000000000

00000000000000
00000000000000
00000000080000
010000000A0000
00000400090000
00010500000000
00000004000000
00000005000000
D0000100000000
F0000000000000
F0000000000100
E0000000000000
00000000000000
02300000006A70

04000000000000
05000000000000
00000000000000
00000000000000
00000000000000
00000104000000
002300050BFFC0
00000000000000
00000000000000
0000006A700000
08000000000000
0A000001000000
09000000000000
00000010010000

01000000800000
00080000A00000
000A0000904000
00090400005000
00000500000000
00000000000000
00000000000000
400000000D0000
500000000F0000
000001000F0010
000000000E0000
00000001000000
00000000000000
00000000000000

00000000100000
00000000000000
00000000000000
00000000000000
00000D00000000
04000F00230401
05000F00000500
00000E00000000
00000000100001
00000000000000
00000000000000
00000000000000
006A706A700000
00000000000000

00000001006A70
00000000000000
1000002306A700
00000000000000
00000000040000
00000000050000
00000000000010
00001000000000
00000000000000
00000000000000
00000000000000
00000400000000
00000500BFFC00
00000000000000

00230000000000
000000BFFC0000
00000000000000
0806A700000000
0A000000000000
09000000000001
00000000000000
00100000000010
00000000000000
40000400010000
50000500000000
00000000000000
00000000000000
00000000000000

40000000000000
50000000000010
00080000000000
000A0000023000
40090000000000
50000000000001
00000000000000
00000BFFC00000
00000000000001
00000000000000
00800000000010
00A00000000000
00900000000000
00000000000000

00000000000000
00000000000000
00000000000000
00000100000000
0D000000004000
0F000000005008
0F00000000000A
0E06A700000009
00000000010000
00230001000000
00000000000000
00000040000000
00001050000000
00000000000000

00000000000000
00000000000000
00000000000400
00000000000500
0000000D000000
0000000F000010
0000000F000000
0000000E000000
00000000000001
0006A700000000
00000000800100
00000000A00000
00230010900000
00000000002300

00000000000000
D0002300000000
F0000000001000
F0000000000000
E0000000010000
00000100000000
00000002300080
000023000000A0
00000000000090
00000000000000
00000000000000
00000000000000
0000006A700000
00100000000000

00000000000800
000000D0000A00
000000F0000900
023000F0000000
000000E0000000
00000000000000
00000000001000
00000000000000
00006A70000000
00000000100001
00000000000000
00000000400000
00000000500000
00023010000000

00230000000000
00000000000000
00000000000000
00000000023001
00000400000000
00000500001000
0000000D000000
0100000F000000
0000000F000000
0000000E000000
00008000000800
0000A000000A00
00009000000900
00000000100000

00002300001000
00000000000000
00000000800000
00000000A00000
00000000900001
00000000000000
00000000000040
0000000D000050
0000000F000000
0000010F000000
0000000E06A700
00000400000000
00000500000000
00100000000000

00040000010000
00050000000000
04000000000000
05000000000000
00000000000000
23000000000000
00000010000000
00000000000100
00000000000000
00000006A70000
00010000000000
00000000000000
006A7000BFFC00
00000000000000

00000000000000
0BFFC000000000
00000000000040
000000006A7050
00101000000000
00000000000000
00000000000000
00100000000000
00000000010230
00000000000000
00000000000000
00000000000000
00000000000000
023006A7000000

00000000000001
00000000000000
00000000000000
0BFFC000000230
00000000000000
00000004000800
00000005000A00
80000000000900
A0000000000000
90010000000000
00000001000000
00000000004000
00010000005000
00000000000000

00000100000001
00000000000000
00000000000000
00000400100800
00000500000A00
0000000D000900
0000000F000008
0000000F00100A
0000000E000009
00000000000000
00000000000230
00002300000000
00000000000000
00000000000000

00000000000000
00000000000080
000000000010A0
00002300000090
0000000BFFC000
00000000000000
00000000000000
00100000000000
00000000000000
00004000000040
00005000000050
00000001000000
00000000000001
6A700000000000

00006A70000000
00D00000000000
00F00000000000
00F01000000001
00E00000010000
00000000000000
00000023000000
00000000000000
00000000000000
08002300040000
0A000000050000
09001000000000
00000000000000
00000000000000

00080000000000
000A0000000400
00090000080500
000000010A0000
00000000090000
00000000000000
01000001000000
00000000000000
0000000BFFC000
00000000000000
00000040010000
00000050000000
00000000000230
00000000000000

23000000000000
0000D000000000
6A70F000000000
0000F000010000
0000E000000000
00000002300000
00000000000000
00000010006A70
00000000000000
00000001000000
00040000000000
00050000000000
00000000100000
00000000000000

00100000000100
00000000D00001
0006A700F00000
00000000F00000
00002300E00000
00000000000000
00000000000000
00000000000000
00000000000000
23000000000000
00000006A70100
00000000000000
00000000000000
00000000000230

00000000000100
00000000000000
8000000D000000
A000000F06A700
9000000F000000
0001000E000000
04000000000000
05000001000100
00000000000000
23000000000000
00000000000000
00000000000000
00000000000000
00000000023000

00001000000000
00000000100000
00000000000000
00000000000800
0BFFC000000A00
00000000000900
00000000000000
00000000000800
23000000000A00
00000000000900
00000001000000
00000000000230
00023001000000
00000000000000

10000000000000
00000000000000
00000000000000
00080000000100
000A0023000000
0009000006A700
00000040000000
00000050000000
0D000000000010
0F000000000000
0F000000000000
0E000230000000
00000000000000
00000000000100

00000000000000
04000400000000
05000500004000
00000000005000
00000000000000
00000010080000
000010000A0001
0D000000090000
0F000000000000
0F000000000001
0E000000000000
00000000000000
00000000000000
000000006A7000

00000000000000
00000000000000
00BFFC00000080
000000000100A0
00000000000090
00000000000000
00000000040000
00000000050000
23000000000000
000006A7000100
00000000000000
00000000000230
00000001000000
00000100000000

80400000000000
A0500000000000
90000000000010
00000000000000
00008000010000
0000A000000000
00009000000000
02300000000000
00000000000230
00000000100000
00000000000000
00000000BFFC00
00010000000000
00000000000000

040000000400D0
050000000500F0
000000000000F0
000000000000E0
00000000000000
00000000000000
00100000000000
00000000000000
00000000000080
001000000010A0
00001040000090
00000050000000
00000000000000
00000006A70000

00001001010000
00000000000000
00230000000000
00000000006A70
00000000000000
00000000000000
00000000004000
00000000805000
BFFC0010A00000
00000000900000
04000000000000
05000000000000
00000000000000
00000000000000

00000000000000
00080000000001
000A0100000000
00090000000000
00000000000000
00000000023000
000000D0000000
000100F0000000
230000F0000000
000000E0000000
00000000008000
0400000000A010
05000000009000
00000000000000

00400000000000
00500010000000
00000000000000
00400006A70000
00500000000000
80001000000000
A0000000100000
90000000000000
0000000000D000
0000000000F000
0000000000F000
0230000000E000
00000000000010
00000000000000

01000000000000
000D0000000000
000F0000000800
000F0000100A00
000E0000000900
00000000000000
00000000000000
0000006A700000
00000000000000
00000000000000
02300040000000
00000050000010
00000000230000
00010000000000

00000000000000
6A700000000080
000000000000A0
00010000000090
00000000400000
000D0000500040
010F0000000050
000F0000000000
000E0000000000
00000000100000
40000000000000
50000000000000
00100000000000
00000000000000

00000000000000
00000000230000
00000000000000
00000010000040
00000000000050
00000000000000
10D00000040800
00F00000050A00
00F00000000900
00E00000000001
00000000000000
00000000000000
00000000000000
6A700000100000

00000000000000
00000400002300
08000500000000
0A000000000000
09000000000000
00000000000000
000106A7000010
00000000000000
00000000000000
000BFFC0040000
00000000050000
00000000000000
00001000000000
00000000000010

00080000000000
000A0000000000
00090000000000
00000040000000
00000050000000
00000000000000
00000BFFC00000
06A70000000000
00000000010000
00000000000101
00000230000000
00000000000000
00010000000000
00000000000230

00000000000000
00000000800000
40001000A00000
50000000900001
00000000000000
00000BFFC00000
00000000000000
00000000000000
00000000040000
00000000050000
00001000000040
00000000000050
1006A700000000
00000000000000

00000000004000
00006A70005000
00000000000000
00000000000000
00000000000000
00000000080000
000010000A0000
000000D0090000
000400F0000001
000500F0010000
000000E0000100
00000000000000
00000000000000
00000000230000

00000000000000
00000000000010
00000000000000
6A700000040080
000000D00500A0
000000F0000090
000000F0000000
000000E0000010
00001000000000
00000000023000
00000000000000
00000100000000
00000002300000
00000000000000

00000000000000
00000000000000
000006A7001000
08000000000000
0A000000000D00
09000002300F00
00000000000F00
00000000000E00
00001000000004
23000000000005
00000000000000
00000001000000
00000000000000
00000000100000

02300000000000
00000000000000
000006A7000000
00100000000100
00000000000000
00000000000400
00000000000500
00000000010000
08002300000000
0A000000000000
09000000000000
00000000000000
00000001000000
0BFFC000000000

00000000000000
00000000000100
0BFFC010000001
00000000000000
00000000000040
00006A70000050
00000000000000
00000000000000
00000000000000
00002300000080
000000000000A0
00000000000090
00000010000000
23000000000000

00000400000000
00000500000000
000000000BFFC0
00000000000000
00000000000000
00010230006A70
00000000000000
00000000000000
6A700010000000
00000000000000
00000000000000
40000000000000
50000010000010
00000000000000

00000000000000
00000000000000
00000000D02300
00000000F00000
00001000F00010
00000000E01000
00000000000000
80000040000000
A0000050000010
90000000000000
00080000000000
000A0000000000
00090230000000
00000000000000

00000000000400
00000000000500
00000000000000
0100006A700000
00000000000000
00000000000000
00010000000010
00000000023000
00000000000001
00000000000000
00000006A70400
00000000000500
00BFFC00000000
00000000000000

00000000000080
000000000000A0
01000000000090
00000000000000
00000000400000
00000000500400
BFFC0000000500
00000000000000
02300000000000
00000000000000
00000800100000
10000A00000000
00000900000100
00000000000000

000BFFC0010000
00000000000000
00000000000000
04001000000000
05000000080000
000000000A0000
00008004090000
0000A005000000
00009000000000
00000000000000
00000023000000
00001000000000
00000000000000
01000000000000

00000000000000
00000000000100
040100D0000000
050000F0000000
000000F0000000
000800E0000000
000A0000000000
00090000000000
00000000000001
00000000000000
06A70100230000
00000000000040
00000000000050
00000000000000

00023000000000
04000000000000
05000000000000
00000000000001
23000000000800
00000000000A00
00000000000900
00000000010000
00000000000000
00008010000000
0100A000000000
00009000000000
00000000000000
000000000BFFC0

00001080000100
000000A0230000
00000090000000
00001000000000
00000000000000
00000000023000
0000800000000D
0000A00000000F
0000900000000F
0000000000000E
01000000000000
00000000000230
00000000000000
00000000000000

08001000000000
0A000000000010
09000000000000
000000006A7000
00002300000000
00000000000000
00000000000000
000000D0000001
000000F0000000
000230F0000000
000000E0000000
00000000000004
00000000000005
00010000000000

00000100100000
00000000000000
00000000000000
800000000D0000
A00000000F0000
900000000F0000
000000000E0000
00040230000000
00050000080000
400000000A0000
50000000090100
00000010000000
00000000000000
00000000000000

00000000000001
00000000000000
10000000000000
00040000000001
00050000000000
00000000BFFC00
00000000000000
00000000000000
00000000000004
80000000001005
A0000000800000
90230000A00000
00000000900000
00000000000000

00000000000000
00000000800000
00000000A00000
00000000900000
23000000000000
00000001000000
00000000000000
00000230000800
01000000000A00
000000D0000900
230000F0000000
000000F0000000
001000E0000000
00000000000001

00100000002300
00000080000000
0BFFC0A0000000
00000090000000
00000000000000
00000000000000
00000000000000
00000000000001
01000000230000
00000000000000
006A7000000000
00000000000000
00000023000010
00000000000000

00000000000000
00000000000000
00000000BFFC00
00000000000000
00000001000040
00000000008050
0006A70000A000
23000000009000
00000000000000
00000000000000
00010000000000
00000000010040
00000000000050
00010000000000

00000000000001
0006A700000000
00000000000230
00000000000000
00000000000000
00000000000000
00000000000000
00000000000000
00BFFC00023000
10000000000000
00000000000000
10004000001000
00005000000000
6A700000000000

00000000000000
006A7000000000
00000000000000
00000000000000
10000000000000
000BFFC0001001
00000000000000
10000000002300
00800000000000
00A00000002300
00900000000000
00000000002300
00000000000000
00000000000000

00000000004001
00000000005000
23000000000000
00004010000000
00005000BFFC00
00000000000000
00000000000000
00000006A70000
00001000000000
00000000001000
00000000000000
00000000000000
00000000000000
0000000006A700

06A70000000000
00000000000000
00000004000004
00040005000005
00050000000000
0000000000D000
0000000000F000
0000000000F000
1000000000E000
00006A70000000
00000000000000
00000000000000
01000000001000
00000000000001

000000BFFC0000
00000000000040
01000000000050
00000000000000
00006A70000000
10000000000000
00008000000000
0000A000000000
00009000000000
00000000000000
00000000400000
23000000500010
00000000000000
00100000000000

006A7000000000
00000000000100
00000004000000
00002305000400
00000000000500
00000000000000
00000000010000
00001000000000
0D000000000000
0F010000000080
0F0000000000A0
0E000000000090
00000000000000
00000000000000

00000000000000
0D000000080400
0F0000000A0500
0F000000090000
0E000000000010
00000040000000
01000050000001
0000000006A700
00000000000000
00000000000000
01000000000000
00000000000230
00000000000000
00000000000000

00000000BFFC00
00001000000000
00000000000000
00000000002300
00000000000000
00000000006A70
00000008000000
0000000A010000
02300009000000
00000000000000
10000000000400
00000000000500
00000000000000
01000000000000

01000000000000
0006A700000000
00000000000080
D00000000000A0
F0000000000090
F0000000000000
E0000001001000
00000000000000
00000000000000
00000004000000
00023005000000
00000000010000
02300000000000
00000000000000

00000000010000
00400008000000
0050000A000400
00000009000500
00000000000000
00400001000000
00500000000800
000000D0000A00
000000F0010900
000000F0000000
000000E0000000
00000000010000
00000000000000
00000000000000

00000000000000
00000000000000
10000000000000
00002300000000
00000000000000
000106A7000000
00000000000000
00000000000000
00000000000000
0000BFFC008000
0000000000A000
01000000009000
00000000000010
00000230023000

10001000000000
00000000000000
00000000000000
0000006A700000
00000000000000
00000000000000
00000000023000
00010000000040
00000000000050
00000000010000
00000000000000
00000000000000
0000000006A700
0230BFFC000000

000806A7000000
000A0000000000
00090000000001
00000000100000
00000000000000
00004000230010
00005000000000
00000000000000
00000000000000
0000000D000000
0000000F000000
0000100F000040
0000000E000050
00000000000000

00001000008000
0000000100A000
00000000009000
00000000000000
0000D000000000
0400F000000400
0500F000000500
0000E000000000
01000000023000
00000000000000
00000000000000
0000006A700000
00000000000000
00000010000000

00000000000000
00000000000000
00000000000000
0000006A700000
00000000000100
02300000000000
00000000000100
000000BFFC0004
00100000000005
00000000000100
00006A70000000
00000000000000
00000000230000
00000000000000

00000000000000
000D0000000000
000F0000000000
000F0000000000
000E0006A70100
00000000000000
00040000000000
00050000000000
00000000023000
00001000000001
00000000000000
04000000000000
050000006A7000
00000100000000

10001000000000
00000000000000
000000D0000000
000000F0080000
000000F00A0000
000000E0090000
00000000000000
00000400400000
00000500500000
00000000000000
00000000006A70
00000002300000
00000000000000
00001000001000

00000000000000
00800000000000
00A00000000001
00901000000000
00000000000001
000000006A7000
00000000000000
00000000000000
02300000010000
00000040000000
00000050BFFC00
00000000000000
00000000000000
00000000000230

00000000040000
00000000050100
0BFFC010000000
00000000000000
01000000000000
00000000000000
00004080800000
000050A0A00000
00000090900000
10000000000000
00000000000000
00000000000000
23000000000000
00000000000000

00040000000000
00050000000000
00000001000000
00100000000000
00000000006A70
00000000000000
0000BFFC000000
00000000000000
00000000100230
00000000000000
00000004000000
00000005006A70
00000000000000
00000000001000

00000000006A70
04000000000000
05000000000000
00000000000000
00000000000010
00000000000000
00000000000100
10000000000000
00BFFC00000000
00000000000000
00000023000000
00400000000000
00500000000010
00006A70000000

