000000000400000
000000000500000
0D0000000000000
0F0000000230000
0F0000000000000
0E0000000000000
0001000006A7001
000000000000000
0000006A7000000
000000000000000
040000000000000
050000000000000
000000000000000
000000000100000
000000100000000

2300D0000000000
0000F0000000000
4000F0000040000
5000E0000050000
000000000000000
000000000000000
000000000000000
000000000000010
000000000000000
000010000000000
100000000000080
0000000800000A0
0000000A0000090
000010090000000
000000000000000

000000000000000
000000000000000
080000000000000
0A0010000000000
090000000400000
000000000500000
000000000000000
000000000000000
0000800D0001000
0010A00F0000000
0000900F0000000
0040000E0000000
005001000000000
000000000000000
000000002300000

000000000000000
000000000010000
000000000000000
00BFFC000010000
000000000000000
0000006A706A700
000000000000000
000000000000010
000000000230000
000000400000000
000000500000000
000000000000040
000000000000050
000000100000000
000000000000000

000000000000010
000000000000000
000000000000040
000000000000050
000000000000000
000000000000000
000230100D00000
000000000F00008
000000000F0000A
000000000E00009
000000000000000
000008000000010
00000A000000000
000009001000230
000000000000000

000010080000000
0000000A0000000
000000090000000
000000000000000
000000000000080
0000000000000A0
D04000002300090
F05000000000000
F00000000000400
E00000000000500
000000000000000
000000001000000
000000000000000
000000010000000
000010000000000

000000000000010
000000004000000
000000005000000
00000D000000000
00000F000000008
00000F00000000A
00000E000000109
000000002300000
000002300000010
000000000000000
000000000000000
0006A7000010000
000000000000000
000000000000000
000000000000000

010000000000000
000000000000000
000000D00000001
000000F00000000
000230F00000000
000000E00000000
000000000000000
00000000406A700
000000005000000
000000000000800
000000000000A00
000000400000900
000010500000000
000000000010000
000000000000000

000000000010000
000000000000000
0006A7000000000
100000000004000
000000000005000
000000000000008
00000BFFC00000A
000000000000009
000000000000000
000000000000000
000000000000000
000000040000100
000000050000000
230100000000000
000000000000000

000000000100000
000000000000000
0000D0000000000
0000F0000080000
0000F00000A0000
0000E0000090000
000000000000000
002300000000010
000000023040000
000000000050000
000000000000000
000000000000100
000100000000000
000000000000000
000000006A70000

002300000000000
000000000000000
000000000010000
000400000000000
000500000000000
000000000000000
000000000000000
00000006A700000
100000000000000
000000000000000
000000006A70000
000BFFC00000000
000000000000000
000000010000000
000000000023010

000000000002300
000000000000000
000000000000000
000000000080004
0000001000A0005
010000000090000
000080000000001
0000A0000000000
000090000000000
000000000000000
BFFC00000000000
000000010000000
000000000000004
000000000000005
000000000000000

000000000000000
000000000000000
000000804000000
000000A05000000
000000900001000
000000000000000
000000000000D00
000000000000F00
000000000000F00
00400006A700E00
005010000000000
000000000004000
000100000005000
000000000000000
000000000001000

010000000000000
00010000006A700
000000000000000
000000000000000
6A7000000000000
000000000000000
000000000000000
000230000400000
000000000500000
0000100000000D0
0000000000000F0
0001000000000F0
0000000000400E0
000000000050000
000000000000000

000000023000000
000000000000100
000002300000000
000000000000000
000000000000080
0001000000000A0
000000000000090
000D00000000000
000F00000023080
000F000000000A0
000E00000000090
000000000000000
000010000000000
010000000000000
000000000000000

000000000000000
000001000000000
000000000000000
000008040000000
02300A050000000
000009000100000
010000040000000
000000050000000
000000000000000
000000080000000
0000000A0000000
000000090000000
000000000000000
000000010BFFC00
000000000000000

100000400000001
000000500000000
000000000000100
000000080000000
1000230A0000000
004000090000000
005080000000000
0000A0000000000
000090000000000
000000000000000
0000D0000000000
0000F0000000000
0000F0000000000
0000E0000000000
000000000000000

000000001001000
000000000000000
00000000BFFC000
000230000000000
000000400000000
000000500008000
00000000000A000
6A7000010009000
000000000000000
000000000000000
000000000000000
000000000000000
023000000000000
000000000000001
000000000000000

000010000000000
000000000000000
000000004000000
000000005000000
0000000000D0008
0000000000F000A
0100000000F0009
0000000000E0000
000001000000004
000000002300005
000000100000000
000000000000000
06A700000000000
000000000000000
000000000000000

000000000000000
0D0000000080000
0F00000000A0000
0F0000000090100
0E0000000000000
000000000000000
010000000000000
000000000080000
0230000000A0000
000000000090001
000000000000000
000000000040000
000000010050000
000000000000000
000230000000000

800000000000000
A00400000010000
900500000000001
000000000000000
000000000000000
230000000010080
0000000000000A0
000000000040090
000000100050000
0BFFC0000000000
000000000000000
000000000000000
000000000000000
000000000000000
000000000000000

000000000000000
006A70000000000
000000000000000
008000000000004
00A000000000005
009000000000000
000000000001000
00000D000000000
00000F000000001
00000F000000100
40400E000000000
505000000000000
000000000000000
000000000000000
000000100000000

001000000040000
000000000050000
000000000000000
000000800000001
000000A00000000
000000900000000
000000000000000
0000BFFC0000000
000000000000000
000000000000000
000000006A70000
023000000000000
000000000000100
000000023000000
000000000000001

000000008000000
00000D00A000000
00000F009000000
00000F000000400
00000E000000500
000000000000000
000000000000000
000000801000000
001000A00000000
000000900000000
002300000000000
000000000000000
000000400000000
100100500000000
000000000000000

800100000000000
A00000000000000
900000000000000
0000006A7000000
000010000000000
000000000000000
000000000000001
00000D000000000
00000F040230000
01000F050000000
00000E000000000
000000000000040
000000000000050
000000000000000
000000000000000

000001001000000
0000000000D0000
0000000000F0000
0000000000F0010
0000000000E0000
000000000000000
1006A700006A700
000000000000000
000000000000000
000000004040000
000000005050000
000023000000000
000000000000000
000000000000000
000000000000000

000000000000000
000000000000000
000000BFFC00000
000000000000000
000000000000000
000000100000000
000000000400000
000000100500000
000000000008008
00000400000A00A
400005000009009
501000000000000
000000000000000
000000100000000
000000000000000

000000023000000
0D0000000000000
0F0000000000000
0F0000000000000
0E0000100100000
000000000000000
000800001000000
000A00000040000
000900000050000
000000400000000
000000500000000
000000001080000
0000000000A0000
000000000090000
000000000000000

000000000000000
00006A704000040
000000005000050
000000100000000
000000000000000
000000000000000
000000000010100
000000000000000
040000000000000
0500D0000000800
0000F0001000A00
0000F0000000900
0000E0000000000
000000000000000
000000000000000

000000000000000
000001000000000
000000000000000
000100000000000
00000000BFFC000
000100000000000
230000000000230
000001040000000
000000050000000
000000000000000
000000000000000
000000000000000
000000000000000
0000006A7006A70
000000000000000

000000400000000
000000500000000
0000D0000000800
0000F0001000A00
0000F0000000900
0000E0000000000
000000000000000
000000000000000
00002300006A700
000000000000000
000002300000000
000000000000000
100000000000000
000010000000001
000000000000000

00000D000000010
00000F000000000
00000F000000000
40000E000000000
500800006A70000
000A00000000000
000900000002300
000000000000000
010000000010000
000000000000000
000000000023000
000000000000000
000000000000000
000000000000000
000000000010000

000000000010000
000000000000000
0000000000000D0
0000000100000F0
0400000000000F0
0500000000000E0
000001000000000
000000000000000
000000000008000
0006A700000A000
000000000009000
000000000000000
002300000000000
000000000230000
001000000000000

401000040000000
500000050080000
0001000000A0000
000000000090000
000000000000000
000000000000000
000000000000000
100000800000000
000000A00000000
004000900000000
005000000000000
100000000000000
0000000000BFFC0
000000000000000
000000000000000

000000100000000
000100000000000
000000000000000
000000000000000
001000000000000
000000000400000
800000000500000
A00000400000000
900000500010000
000000004000000
008000005000000
00A000000000000
009000000000000
000000000BFFC00
000000000000000

000000001000000
000000000000000
100000000230000
000000000000000
000000023000010
000000000080000
0000000000A0000
000000000090000
000000000000000
000000000000000
006A700BFFC0000
000000000000230
000000000000000
000000000000000
000000010000000

000000000000000
000000000000000
000000000000000
BFFC00000000000
000000000000001
000000000000000
0006A7000000000
000000023000000
000000000000010
000000004000000
06A700005000000
000000000000000
100000000001000
000000000000000
000000000000230

000000000000000
000000000000000
000004000000000
000005000000000
000000000000000
000400000008000
00050000010A000
000000000009000
000000000000000
000000000000800
010BFFC00000A00
000000000000900
000100000000000
000000000000010
000230000000000

000000000000001
000000000000000
BFFC00000000000
000000000000000
000000040000000
000800050000008
000A0000000000A
000900000000009
000000000000000
002300000000000
000000000230100
000000000000000
100000000000010
000000000000000
000000000000000

008000000000000
00A000000000230
009000000000000
000000010000000
000001000000000
000000000000000
000000000000400
010004000000500
000005000000000
001000000000000
800000000000000
A000000BFFC0000
900000000000000
000000000000000
000000000000000

230010000000000
000000000400000
000000000500000
000000000000000
06A700000000000
000000000004000
000000000005000
006A70000000000
000000D00000000
000000F00000000
000000F00001000
000000E00000000
000000001000000
000000000000000
000000000010000

000000000000000
000000000000010
6A7000000000000
000000000401000
000000000500000
000801000000000
000A00000000000
000900000000000
000000000000000
000023000000400
000000000000500
000000000000000
000000000010000
000BFFC00000000
000000000000000

000000000000000
230000000000008
00000000000000A
002302300000009
000000006A70000
001000000000000
000000000BFFC00
000000000000000
000000000000000
000001000000000
000000000000000
000001000000000
000000000000000
000100000000000
000000000000000

000000000006A70
000023000000000
100000000000000
000000000000000
000000004010000
000000105000000
000000000000000
0000000D0000100
0000000F0000000
0000000F0000000
0000000E0008000
00000000000A000
000000000009000
000000000000000
002300000000000

000000000001000
000000000000000
000800000000000
000A00000000000
000900000000000
0000000000D0000
0000000000F0000
0000002300F0001
1040000000E0000
005000000000000
000000008001000
23000000A000000
000000009000000
000000000000000
000000000000000

000100000000000
000000000000000
000000000000400
000000000230500
0000000D0000000
0000010F0000000
0000000F0010000
0000230E0000000
000000000080000
0000000000A0000
000000000090000
000000000000000
000000000000000
000006A70000000
000000000100000

000010000000000
000000000023000
000000000000000
000000000000000
000230000000010
000000000000000
000000000000000
00000BFFC000000
000000000000000
000000000000000
800080230000100
A000A0000000000
900090000000000
000000000000000
001000000000000

000000004000000
000000005000000
010100000000000
000000002300001
000000000000000
000800000040000
000A00000050000
000900000000000
000000000000000
000000000080000
0000010000A0000
000000000090000
000000000000000
0000000000BFFC0
000000000000000

00000000BFFC000
000002300000000
000000000000000
100000000000000
000000000000000
06A700230000000
000000000000000
000000000000000
000100000000000
000000000000010
000000000000000
000000000008040
00000000000A050
000000010009000
000000000000000

000000000000000
000000000000000
000000000010000
000002300000000
010000000000000
000000D00000000
000000F00001000
000000F00000000
080000E00000000
0A0000000000004
090000000000005
000000023000000
000000000000000
00000006A700000
000010000000000

000000000100000
000001000000000
6A7000000000000
000000000000000
000000000400000
0BFFC0000500000
000000000000230
010000000000000
000100000000000
000000006A70000
000023000000000
000000000000000
000000000000000
000000000000000
000000000000000

00000100D000000
04000000F080040
05000000F0A0050
00000000E090000
010000000000000
000000000000000
004000000000000
005000000000000
000000000000000
000000800000000
001000A00000000
000000900000000
000000000000000
000000000000000
000000000001000

000000000000000
006A70000000004
000000000000005
001000000000000
000080000000000
D040A0001001000
F05090000000000
F00000000000000
E00000000000000
002300000000000
000000000000000
000000000000000
000000000000000
000000000000000
000000000010000

000010000000000
000000000000000
100000000000000
000800000000000
000A00000008000
23090000000A000
000000000009000
00D000000000000
00F000000000000
00F000000000100
00E000000000000
000000000000000
000000000000000
000002300000000
023000000000001

000000000010000
000000040000400
000010050000500
000000000000000
000000000000000
006A70000000010
000000000000000
0D0000000400000
0F0000000500000
0F0000000000000
0E0000010000000
000000000000000
000000000000000
000000000000000
0006A7000000000

000000100000000
000000002300000
230000000000000
000000008000001
00000000A000000
000000009000000
000000000000000
000000000000000
000100000000000
000000000000001
000000000000000
080000000000000
0A0000000230000
090000000000000
00000000BFFC000

000400000000000
000500000000000
000000000000000
0000006A70BFFC0
000000000000000
002300010000000
000000000010000
000000008000000
00000000A000000
000000009000000
000000000000000
000000000000000
100000000000000
001000000000000
000000023000000

000000000040100
00000D000050000
00000F000000000
00010F000000000
01000E000000080
0000000400000A0
000000050000090
023000000000000
000000000000000
000000000000000
000000000000000
06A700000000000
000000000000000
000010000000000
000000000000000

000002300000001
000000000000000
000000000000000
0000000000000D0
0000000000000F0
0000000000000F0
0000000000000E0
080000000000000
0A0000000000000
090000000000000
0006A7000400040
000000000500050
000000000000000
000001000000000
100000000000001

000023000000000
000000000000000
000000000008000
00000000000A000
230000000009000
000000000000000
000000000000000
000001000000000
00800000000000D
00A00000000000F
00900000401000F
00000000500000E
000000000000000
000000001000000
000000000000100

001000BFFC00001
000000000000000
000002302300000
008000000000000
00A000000000000
009023000000000
000000000000000
000000000000000
000000000000000
000000000000000
0000000006A7000
000000000000000
000000000000000
000000000000000
000100010000000

00000000BFFC000
000000000000000
230000010006A70
0006A7000100000
000000000000000
000000000000000
001000000000000
000000000000000
000000230000000
000000000000000
000000000000000
000000000000000
000000000000000
000000000000000
000002300010000

000023006A70000
000000000000000
000000000000000
000000000000010
000000000000000
000004000000000
000005000000000
0000000BFFC0000
010000000000000
000000000000000
000002300000000
000000000000000
000000000006A70
000010000000000
000000100000000

000000000080000
0000000000A0000
080230000090000
0A0000000000000
090000000000000
000000000000000
000000000000000
000000000000000
10D000000010000
00F000000000000
10F000000000000
00E000002300000
000000000002300
000000000000000
000100000000000

0000000040000D0
006A700050000F0
0000000000000F0
0000000000000E0
023000000000000
000000000000000
000000000000000
000000000000000
000000010000000
400000000006A70
500000000000000
001000000000000
000000010000000
000000000100000
000000000000000

000080000000010
0000A0000000000
000090000000000
000000000008000
00000000000A000
000000000009000
230000100000000
000000000000000
230000000000040
000000000000050
000000000010000
000000000000100
000000000000000
000000000000000
00BFFC000000000

000000000000000
000000000000000
000004000D00000
000005000F00010
000000000F00000
001000000E01000
000000000000000
000000000000080
0000000002300A0
000040000000090
000050000000000
000000000080000
0000000000A0001
000000000090000
000000000000000

000000000000000
000000100000000
000000000100004
000000000000005
000000000000000
000000000000001
000000000000000
0000000106A7000
000000000000000
000040000000000
000050000000000
000000000023000
000000000000000
000000000006A70
000000BFFC00000

6A7000000000000
0000000BFFC0000
000000000000000
010000000000000
000000000023000
010000000000000
000000000000000
000000000000000
000000002300000
040000000000000
050000000010000
000000800000000
000000A00000000
000000901000000
000000000000000

000001000000000
000000000000000
000000000000400
001000000000501
000000000000000
00BFFC000000000
000000000230000
000000000000080
0000000000000A0
000000000000090
06A700000000000
000000000000000
000000000023000
000000000000001
000000000000000

000000000000000
6A7000000000000
000000000000000
0000000000D0000
0000000000F0000
06A7000000F0000
0000000000E0000
000000001000000
002300000000000
000000000000010
000010023000000
000000000004000
000000000005000
000000000000000
000010000000000

000000000BFFC04
000000000000005
000000000000000
000000000000000
000000000000000
000000000000000
000000001000000
000000000000010
008000000000000
00A000000100000
009001000006A70
000000040000000
000000050000000
000000000002300
000000000000000

000000000000000
000000000000000
000000000000000
800000000000010
A00100000000000
900000000000000
000000000000000
010000000000000
000000800000000
000000A00000000
40023090000D000
50000000000F000
00100000230F000
00000000000E000
000000000000000

000400000006A70
000500000000000
000000230000000
000000000000000
00000000BFFC001
002300000000000
000000000000000
000000000000000
000000000000100
000000000000000
000000000000000
010000000000000
000000000000010
000000000000000
0000006A7000000

06A700000D00000
000000000F00000
000000000F00000
100000000E00000
000100000000000
000000000000000
004000023000000
005000000000040
000000000000050
06A700000000000
000000100000000
000000000000000
000000000000100
000000000000000
000000000000000

000000000001000
000000000000000
000000000000000
000000023000080
0000000000000A0
000002300000090
000000000000000
000010000000000
000000000D00000
6A7000000F00100
000000000F00000
023000000E00000
000000000000000
000000000000000
000000000100000

000000000000000
000000000008000
00000080000A000
000000A00009000
000000900000000
00000000100D000
00000000000F000
00023000000F001
00000000000E000
000000000000000
400000000000010
500000000000000
000000000000000
000000000100000
000002300000000

000000000000400
230000000000500
000000000000000
000001000000000
000000000000001
000001000000000
000000000000000
100000000000000
0000800006A700D
0000A000000000F
00009000000000F
00000004000000E
000000050000000
000000000000000
000000000000000

0000000BFFC0000
008001000000000
00A000000000000
009000040000000
000000050000000
000000000000000
000000000002300
100000000000000
000000000000000
000000010000000
800000000000000
A00400000000000
900500000000000
000000000100000
000000000000000

0000D0001010000
0000F0000000000
0000F0000000000
0000E0000000004
000000000000005
000023000000000
000000000000100
000001000000000
000800000000000
000A06A70000000
000900000000000
000000000000000
000000000000000
002300000000000
000000000000000

010000000000100
000000000000008
00D006A7000000A
00F000000000009
00F000000000000
00E000000000000
000000040000000
000000050000000
000000000000000
000000100000000
000000000000000
000000000000000
000000000000000
023000000230000
000000000000010

010230000000000
000000000000000
000008000000000
00000A000000000
000009000000001
000000000000000
000000000000000
0000000BFFC0000
000004000000100
010005000000000
000000000000000
000000004000000
000000005000000
0006A7000000000
000000000000000

000000004000000
000000005000000
000000000080000
0000000000A0010
000000000090000
000000040000000
000000050230000
000000000000000
000000000000000
000010008000000
00000000A000000
000010009000000
000000000000000
000000000100000
BFFC00000000000

010000000000000
000010000002300
000000000000000
000000000000000
000000000000000
000000000000000
00000D000006A70
00000F000000000
00000F000000000
08000E000000000
0A0400000000000
090500000000000
000000010000000
000000000000000
000010230000000

000000000000000
000000000000000
000BFFC00000230
000000000000000
000000000000000
000000000002300
000000080000000
0000000A0000010
000000090023000
000000000000000
000100000010000
0000006A7000000
000000000000000
000000000000010
000000000000000

010000000000001
000000000400000
000000000500000
000000000000000
000000000002300
000000080000000
0000000A0000000
000000090000000
000000000000000
000010000000080
000000BFFC000A0
000000000000090
010000023000000
000000000000000
000000000000000

400000000001000
500000000000000
000000000000000
000000100000000
000000004000000
000000005000000
00000D000000000
00000F0006A7000
00000F000000000
00100E000000000
000000000004000
000000000005000
000000000000000
000000000000000
00001006A700000

000000000000000
000000000010000
000001000000000
000000000100000
004000000000000
0050006A7000000
000000000000000
0000006A7000000
000000000000000
000023000000000
00000000BFFC000
000000000000001
000000000000000
000000230000000
000000000000000

00BFFC000000000
000000000000010
000000000000000
000000000800000
000000000A00000
230000230900000
000000000000000
000000000000000
000000000000230
000000001000000
000000000000000
000000000000000
00006A700000000
000000000000010
100000000000000

000000000230000
000000000000000
000000000000800
000000001000A00
000000000000900
000000000000000
0000BFFC0000000
010000000008000
00000000000A000
000000000009000
100000000000000
004000000000010
005000023000000
000000000000000
000000000000000

000000000000000
000000000000001
000000008000000
00000000A000000
100001009000000
004000000000000
005000000000000
000006A70000000
0000000000000D0
0000000004000F0
0000000005000F0
0400000000000E0
050000000000000
000001000000000
000000000000000

000001000000000
000000000000000
0000D0230006A70
0000F0000400000
0000F0000500010
0000E0000000000
000000000000000
000000000000000
400000000000000
500000800000000
000010A00000000
000000900000000
000000000000000
100000000000000
000000000000000

000000000000000
000023000000000
000000000040000
000000000050001
023008000000000
00000A000000000
000009000BFFC00
000000000000000
000000108000000
00000000A000000
000000009010000
000000000000000
000000000010000
000000000000000
000000000000000

000000001000000
004000000000000
005000000000400
000000000000500
000000080000000
0000000A0000000
008000090100000
00A000000000230
109000000000000
000000000000100
000000000000000
000000000000000
000000BFFC00000
000000000000000
000000000000000

000000000000000
000230010000001
100000000000000
000000000000100
000000000000000
000000000000000
000000000000000
06A700000000000
000000000000000
00040000006A700
000500000000000
000000000000000
000000000000000
000BFFC00000230
000000000000000

000006A70000000
000000000000000
000000000000000
000000000000000
000001000000000
000000000000230
400000000000000
50006A700000040
000000000000050
000100000000000
0000000BFFC0000
000000000000000
000000000000010
000000000000000
000000000001000

004000000023000
005000000000000
000000000000001
000000000000000
000000000000000
000000000100800
000000000000A00
000000000000900
100000000000000
000010000000000
000000000000000
000000000000800
2300000BFFC0A00
000000000000900
000000000000000

000000000000000
000000000000010
0006A7001000000
000000000000000
400000000000040
500000000000050
000000000000000
000000000000D00
00000006A700F00
000000000000F00
000000000000E00
023000000000000
000000000000000
000000000000001
010000000000000

000040000001000
000050000000000
000000000000000
0BFFC0000000000
000000001000000
000000000000000
000000000000000
008000000000000
00A000000000000
009040000000000
000050400000000
000000500000000
6A7000000000000
000001000000000
000100000000000

000001000010000
000000000000000
000000000000000
000000000230230
000000000000000
000800000000000
000A00000000100
000900000000000
000000000000000
000000000000000
0000006A7010000
230000000000000
000000000000000
0000000000BFFC0
000000000000000

