00010000006A70
00000000000000
00D00100000000
00F0000006A700
40F00000000000
50E00230000001
00000000000000
00000000000000
00000000000000
00000000000000
00000010000000
00230000000000
00000000000000
00000000000000

00000000000000
00000000004000
00000000005000
00006A70000000
00000000000001
00100000000000
00000000000001
00000023000000
00400000000000
00501000000000
00000000000000
6A70000BFFC000
00000000000000
00000000000000

00000000000000
00100000000000
00000000000000
00000000000000
00800000000001
00A00000230000
00900000000001
00000000000000
00000000000004
00000000000005
000000006A7000
00000000000004
000BFFC0010005
00000000000000

00000000001000
00000000000000
00000023002300
00010000000000
00000000000000
00000000000000
00000000000000
08000000000000
0A000000000000
09010400000000
00000500BFFC00
00000000000000
00000000006A70
00100000000000

00000000000000
00000001000000
10000000000000
00000000000000
00000000000000
0000000BFFC000
00000000000000
06A70000000040
00000010000050
00000000100000
00008000004000
0000A000005004
00009000000005
00000000000000

00000001000000
00000000000000
00000230000000
00000000000000
0000100006A700
04000000000000
05000000000000
00000000000000
00000000000010
0D000000000000
0F000000000000
0F000001040000
0E000000050000
000006A7000000

10000040000230
00000050000000
00000000000010
00000000000000
00000000000000
00000000000000
000000BFFC0000
00000000000000
80008000000000
A000A000000000
90109000004000
00000000005000
00010000000000
00000000000000

0006A700000230
00000000000000
00000000000230
00000000000000
00000000000000
00001000000000
00000000010800
000D0000000A00
000F0000000900
000F0000000000
000E0000000000
01000000000000
00000000000001
23000000000000

40000000000000
50000000000000
00000010000000
023000006A7080
000010000000A0
00000000000090
00001000000000
00000000000000
000001000D0000
000000000F0000
000000000F0000
000000000E0000
02300000000000
00000000000000

00010000000080
100000002300A0
00000000000090
0000006A700000
00000000000000
00000000000000
00000000000000
00100000000040
00002300000050
00000000000000
000000000BFFC0
00000000000000
00000000000000
00000000000001

00000000000000
00000D00000000
00100F00000008
00000F0000000A
00000E00000009
00000000000000
00002300000000
23000001000000
00000000000000
00023000000000
00000001000000
00000000000000
00000000000000
000006A7000010

00000000000000
00000000000001
10000000000000
00000000000000
00000040000000
00000050000001
00000000000000
00004001000000
00005000000000
00000040000000
06A70050000000
00000000000000
00000000000000
0BFFC06A700000

00000004001000
00000005000000
23000000000000
00000000000000
00000000100000
00001000000000
0000006A701000
00000000000000
0BFFC000000000
00000000000000
00000000004000
006A7000005000
00000000000000
00000000000000

00000000000000
00000000000000
0000000D000000
0100000F000040
0000000F000050
406A700E000000
50000000001000
00000000000000
00000400000000
00080500010000
000A0000000000
00090000000000
00000000000000
10000000000000

00000000000000
00080000000000
000A0000000000
80090000000001
A0000000000000
90010000000000
00000100000004
BFFC0000000005
00000000000000
00010000000000
00000040000000
00000050230000
00000000000000
00000000000000

00000000000000
10002300000004
00000000000005
00000000000000
00000000000000
00000010000000
00000000004080
0BFFC0000050A0
00000000000090
00000000010000
010006A7000000
00000000000000
00000000000000
00000000000000

00000000010000
00000040000000
00000050080000
006A70000A0000
00000000090000
00001000000000
00000000000004
00000000000005
00000000001000
00000000000000
00BFFC02300000
00000000000000
00000000000000
00001000000000

00000000000000
00000000000000
0000000D000000
0000100F000010
0000000F000000
0000000E000000
80000000000230
A0000000000000
90000000000000
00010000000000
00000000023000
000006A7000000
00100000000000
00000023000000

00000230000000
000000000D0000
000001000F0000
010000000F0000
000001000E0000
04000000000000
05000000000100
00008000800000
0000A000A00000
00009000900000
00000000000000
00000023000000
00000000000000
00000000000000

00000000000000
00000000000000
000000000D0000
000000100F0000
000000000F0000
000000000E0000
02300000000000
00000800000010
00000A00000000
10000900023000
00000000000000
00000040000000
00000050100000
6A700000000000

00010000000000
00000000000000
00002300006A70
00000000000000
00000000000000
00000000000000
00000000000000
000000000D0000
000100000F0000
000000000F0400
800001000E0500
A0000000000000
90000001000000
00000000000230

00000000000000
00000000000000
000000006A7000
00010000000000
00000000010000
00000000000000
00000000000000
00000000000000
2306A700000000
00000000BFFC00
00000000000000
00004000002300
00005000000001
00000010000000

00000000000000
00000000008000
0000000000A000
00000000009010
00000010000000
10100000000000
00006A70000004
00000000040005
00000000050000
00000000000004
0000000BFFC005
00000000000000
00000000000000
00000000000000

00000000000000
00000230023000
00000000000001
00BFFC00010000
00000001000000
00080000000000
000A0000000000
00090000000000
00000000000008
2300000000000A
00000000100009
00000000000000
00000000000000
00000000000000

40000000010000
50000001000000
00000800000001
00400A00000000
00500901000000
00000000000000
00000000000000
00000000000000
00000000000000
00000000040000
00008000050000
0000A000000000
00009000000000
00000000BFFC00

00000000000000
00000000000000
00400000006A70
0050006A700000
00000000000000
00000000000000
00010000000000
23000000000000
00000D00230100
00000F00000000
00000F00000000
00000E00001000
00000000000000
00000000010000

00000000000000
00000000000000
00023000080000
100000000A0000
00000000090000
00000000000000
40000001000000
50004000000001
00005006A70000
00000000000010
00000000000000
000BFFC0000000
00000000000000
00000000000000

00000000000000
000000000BFFC0
00100000000000
00000000001000
00001000000040
00000000001050
00000000000000
00000000004000
00000000005000
0000006A700000
00000000000080
000000000000A0
00230000000090
00000000000000

00000D00000000
00000F00002300
00000F00100000
08000E00000000
0A000000000010
09000000000000
00000000000000
00000010000000
40000000000000
50000000000000
00000000008010
0000000000A000
00230000009000
00000000000000

00000100000000
00100000002300
0000000000000D
0000000000000F
0000000000000F
0000000000010E
00000000080000
000006A70A0000
00000000090000
00000000000000
00000000000000
00400000000000
00500000000230
00000000010000

0010000000D000
1000000000F000
0001040230F000
8000050000E000
A0000000000000
90000000000230
00000000000000
00000000000000
00000000000000
00000000000000
000006A7000000
00000000000000
10000000000000
00000000000000

00000000000000
00000000000000
00023000000000
00000000006A70
10000000000000
00000000001000
00000000000000
00000000010000
02300000000D00
00002300080F00
000000000A0F00
00000000090E00
00001000000000
00000000000000

06A70000000010
00000000000000
00100000010000
00000000000000
00002300000000
00000000000000
00000000000000
00000000000000
0000010000D000
0000000000F000
0802300000F000
0A00000000E000
09000000000000
00000002300000

00000000000000
00000000000010
00000000000000
08000002300000
0A004000000400
09005000000500
00000000000000
00000000BFFC00
00000000000000
00000000000008
0010000000000A
00000000000009
00000000010000
00000001000000

0000000000D000
0100000000F000
0008000230F000
000A000000E000
00090000000000
08000000000000
0A000000000000
09000000023000
00000230000000
00000000000000
10000000100000
00000100000000
00000000000000
00000000000000

000000000BFFC0
006A7000000000
00000000000000
00000000000001
00000010000000
00000000000000
02300000000000
0000000006A700
00230400000000
10000500000000
00000000000000
10000000000000
00000000000000
00000000000000

00000000000000
00000000000000
0006A700000000
00000000010000
04000000000000
05023000000000
00000000000000
00000000100000
06A70000000000
00000000023000
00000000000000
001000000BFFC0
00000000000000
00000000100000

00000000000000
100006A7000000
00000000000000
0230000000000D
0000000000000F
0000000000000F
0000000000000E
10000000000000
00000000800000
00000000A00000
04000000900000
05000000000001
00002300000000
00000000010000

00000000000230
00000000000000
00000000000000
00000000000000
00010010000000
40000000000000
50000001040000
00000000050000
00000000000000
D0000000080800
F00000000A0A00
F0000000090900
E0000001000000
00000000000000

00000004000000
00000005000000
00000000000000
00000000010000
0100000000000D
0000000000230F
000006A700000F
0000000000000E
00000000100000
00000000000230
08000000010000
0A000000000000
09000000000000
00000000000000

40000000000100
50800000000000
00A000006A7000
00900000000000
0000D000000010
0000F000000000
0000F000000000
0400E000000000
05000000000000
00000000000000
02300000000000
00000000000000
01000000000000
00000000000001

00000010000000
00000000080000
000000000A0000
00000000090000
00000000000000
00000000000004
00230010000005
00000000000000
00000D00000000
00000F01000008
00000F0000000A
04000E00000009
05000000000000
00010000000000

00000000000000
00000000000001
000010000D0000
000000000F0400
000800000F0500
000A00000E0000
00090000000000
00000000000000
00000000006A70
00000000000000
00001000000000
02300000000040
00000001000050
00000000000000

01000000000000
00000000000400
00000001000500
00000000000000
00000000000000
000000000D0000
000000000F0000
000000000F0000
000000800E0000
000000A0000010
00000090001000
04040000000000
05050000000000
00000006A70000

00800000000000
00A00BFFC00010
00900000000000
00000000000000
00000000000000
00000002300000
00000000000000
08000000010000
0A000000000104
09000000400005
00000000500000
00000000000000
00000000010000
00000000000000

00000000400000
D0000000500000
F0000000000100
F0000000000000
E0100000000000
00000000000001
00230000040000
10000000050000
00000000000000
06A70000000000
00000000000000
00000000000000
00006A70000000
00000000000000

00000000000000
00000006A70010
23000000000000
00000000000000
0000000BFFC000
00000000000000
00000000000000
00000000000100
00000000000000
04000230000801
05000000000A00
00000000100900
00000000000000
00000000000000

0006A700000010
00000000000000
10000000000000
00000000000000
23000000000000
00000000100000
00000000000080
100000023000A0
00000000000090
000D0000000000
000F0000000000
000F0000000000
000E0000230000
00000000000000

000000000D0000
230000000F0100
000000000F0000
400000000E0000
50800000000800
00A00000000A00
00900000000900
00000000000000
02300000001000
00000000000000
00000000010000
00010000000000
00000000000000
00000000000000

00000040000000
00000050000000
00000000100000
00000000000000
0D000000000000
0F000000000000
0F000000000400
0E00006A700500
00000000000000
00023010000000
00000000000000
06A70001000000
00000000000000
00000000001000

00000000000000
00000000000000
000000D0000000
100000F06A7000
000000F0000000
000010E0001040
00100000000050
00008000000000
2300A000000000
00009000000000
00000000000000
00000000023000
00000000000000
00000000000000

00040000000000
08050000023000
0A000000000000
09000230001000
00000000000000
00000000000000
00D00000000010
10F00000000000
00F00000000000
00E00000000000
00000000000000
06A70000000000
00000100000000
00000000000000

00000400000000
00000500000000
400D0000000000
500F0000000000
000F0000010000
000E0000000000
00000000000000
00000008008000
0002300A00A000
00000009009000
00000000000000
00000000000000
00000010000000
00100000001000

00000000000000
00000000000000
00000000000D00
00040000010F00
00050010000F00
00000000000E00
00000230000000
10080000000000
000A0000000000
00090000000000
00000000000008
0000000023000A
00000100000009
00000000000000

00000000000000
00000000000800
00000000000A00
10000100000900
00000000000000
00000000000000
02300000000D00
00000000000F00
10000000000F00
00000000000E00
00000000000000
00000100040000
23000000050000
0006A700000000

00000000001000
10010000000000
0000000D000000
0000000F000000
0000000F000004
0000000E000005
00000000000000
00000000400080
080000005000A0
0A000000000090
09000000000000
00000000000010
00230000000000
00000000000000

000000400000D0
000000500100F0
000000000000F0
000000000000E0
00400000000000
00500000000000
00000000000000
00000800000230
00000A00000000
0000090006A700
00000000000001
00000000000000
00101000000000
00000000000000

00000000000000
00000000000010
000D0400000000
000F0500040000
000F0000050000
000E0000000000
00000000000000
00000000000000
0006A700000000
00000000100230
10000000000000
00000000000000
0000006A700100
00000000000000

BFFC0100000000
00000000000000
00000000000000
000006A7010000
00000000000000
00000000000000
40000000000000
50000000000000
00000000023000
00000000000000
00000000001000
00002300000000
0000000006A700
10000000000000

00000004000000
00000005000000
00000000010000
00000000000000
00000000000000
23000D006A7000
00080F00000000
000A0F00000000
01090E00000010
00000001000000
00002300000000
00000000000000
00000000000000
00000000000000

00000000000001
00000000000100
00000000000001
0000000D000000
0000000F008000
0000000F00A000
0000000E009000
00000000000000
000006A7000010
02300000000000
00000000000000
00000000000000
00000000000000
02300000230000

00000010000000
00000000000000
000000000BFFC0
00000010000000
00000000000000
00001000000000
00000000000010
00006A70000000
00000000800000
00002300A00000
00000000900000
00000000000000
02300000000000
00000002300000

00000000000000
0000006A700000
00000000000000
00100000000000
00000000000000
D0000000000000
F0000000000000
F0000000400000
E0002300500010
00000000000000
00000000000800
00010000400A00
10000000500900
00000000000000

02300000000000
00000000000000
00000000000000
00000000230000
00000000000000
00000000000000
0080D06A700100
00A0F000000000
0090F000000001
0000E023000000
00000000010000
00000000000000
00000000100000
00000000000000

00010000000000
00000000000080
004023000000A0
00500000000090
00002300000000
10000000000000
00000000000000
00000000001000
00000000000000
00000000000000
000800BFFC0000
000A0000000000
00090000000000
01000000000000

000000000BFFC0
00004000000000
00005000000000
00000006A70000
10000000000000
00000000000000
00000000000000
000006A7000000
00000000000000
00000000001000
02300000000000
00000023000010
00000000000000
00000100000000

00D00000000000
00F01000000000
80F00000000000
A0E00000000000
90000230000000
00000000001000
40000000000000
50010000000000
00000000000000
00000000000000
00000010000000
000000006A7000
00230000000000
00000000000000

10800000000040
00A00000001050
00900000000000
00000000000000
00D00000000000
00F00000000000
00F01000000000
00E00000000000
00000000000000
80230000230000
A0000000000000
90001000000000
00000000000000
00000000000000

02300000000000
00002300000001
00000000000000
00000000000000
00000000000000
00000000000008
0000000000800A
0000000040A009
00000010509000
00000000000000
00000000000000
00010000000000
00000000000000
000000010BFFC0

00000000000000
00000102300000
6A700000000000
00000000000000
00000000000000
00000000000000
00000000000000
00000000100000
0080D000000000
00A0F000400000
0090F000500000
0000E010002300
00100000000000
00000000000000

00000000000000
23000000000000
00006A70000040
01000000000050
00000010000000
00000000000000
00000000000080
000230000000A0
00000010000090
00000000000000
00000000000010
000BFFC0000000
00000000000000
00000000000000

00023000023000
00000000000000
0100D000000000
0000F000000000
0000F000000000
0000E000000000
00000000000000
01000800000001
00000A00000000
00000900000000
00000000000800
00000001000A00
00000000000900
00000002300000

00000000000100
000000D0000000
000000F006A700
000000F0000000
000000E0000000
23000000004000
00004000005000
00005000000010
00000000000000
00000000000010
00000100000000
00000000000000
00000000006A70
00000000000000

00000000000000
00000010000000
00000000000000
00000002300000
BFFC0000000000
00000400000000
00000500000000
00000000100000
02300000000000
00000000000000
00000000000000
00000001010000
00000000000000
6A706A70000000

00000000000000
00000000230000
00000000000000
00000000000000
00080023000000
100A0000000000
00090000000D00
08000000000F00
0A001000000F01
09000000000E00
00000000040000
00000000050100
00000000000000
00000000000000

00000000000000
00100000100000
00000000000000
01000000000000
00000000000000
00080000000000
000A0000000000
00090000002300
00000000000000
00000000040800
00000000050A00
00000000000900
BFFC0100230000
00000000000000

00000000004000
00100000005000
00000000000000
00000400000000
00000500000D00
00000000000F00
00006A70000F00
00000000400E00
00000000500000
10000000000000
00000000000800
00000001000A00
00000000000900
00000100000000

0000000010D000
0000000000F000
0230023000F000
0000000000E000
00000000000000
00000080000000
000000A0000010
00100090000000
00000000000001
00000000000000
000006A7000000
00000000000400
00000000000500
00000000000000

00000004000000
00000405006A70
00000500000000
000000000D0000
000000000F0000
000000000F0000
000000000E0000
06A70000000001
00000000000000
00100000000400
00000100000500
00000000000000
00000000000000
00001000000000

00400010000000
00500000000000
00000000000000
00000000000008
0004000000000A
0005000BFFC009
00000000000000
10000000000000
00000000000000
00000000000000
00002306A70000
00000000000000
00001000000000
00000001000000

00000000000000
00000000000000
00001000000000
00000000000000
00006A70000000
00100000000000
00000000000004
00000000230005
0BFFC000000000
00000000008000
0023000000A000
00000000009000
00000000000000
00000100000010

00800000000000
00A00000100000
00900000000000
00000000000000
00010000000040
00000000010050
00000000000000
00000000000000
0000D000000000
0000F023000000
0040F000080000
0050E0000A0000
00000000090000
00000100000000

00000000000010
00000000000000
00001080000000
000000A0040080
000000900500A0
00000000000090
00001000000000
00000000000000
00000000000000
000000D0000000
000000F0000400
230000F0000501
000000E0000000
00000000000000

000006A7000000
00000000000000
00D00000000000
00F00000000000
00F00800001000
00E00A00000000
00000900000000
00010002301000
00000000000001
00000000040000
00000230050000
00000000000000
00000000000000
00000000000000

04000000000000
05000000000230
00000000000000
10000000000000
00000100000000
00000000230010
00000000000000
08000000000000
0A000000000000
09000000000000
0000006A700000
00000000000000
BFFC0000000010
00000000000000

01000100010008
0000000000000A
00000000000009
00000000000000
BFFC0000000000
00000000000000
00000000400000
00000000508000
0000000000A000
00000000009000
00000000000000
00000401000000
00000500000000
00230000000000

00000100040040
08000000050050
0A000000000000
09000000000000
00000000000000
00000000000000
00000000000000
00000000000010
000006A7000000
00000000000010
00000000000000
00023000000000
0000000BFFC010
00000000000000

00000000000000
00000006A70000
00040000000D00
00050000000F00
00000010000F04
00000000000E05
006A7000000000
00000000000000
00000001000000
00040000001000
00050000000000
00000000000000
00000000000000
00000010000000

40001000000000
50000000000000
00000800000000
00000A01000000
00000900000230
00000000000000
00000000000000
00000000000000
00000000001000
00800000000000
00A00400000000
00900500000000
00000000000000
100000BFFC0000

00100000010040
00000000000050
00000000000000
000BFFC0000000
00000000080000
000000000A0001
00002300090000
00000000000000
00000000080000
000001000A0000
00000000090000
00000000000230
00000000000000
00000000000000

00000000000000
00002300000000
00000000000100
00100000000000
00000000000D00
00000000000F00
00000400000F00
06A70500000E00
00000000000000
00000000000000
00000000000000
00000100400010
00000000500000
0006A700000000

00000000000000
0000000D000001
0000000F000000
2300000F000000
0000000E000100
6A700000000000
00000000008000
0000000000A000
00000000009000
00000000000001
00000040004000
00010050005000
00000000000000
00000000000000

40006A70000000
50000000000000
00000006A70000
00BFFC00000000
00000004000000
00000005000000
00100000001000
00000000000000
00000000000000
00000000000000
00002300000000
00000000000000
00000010001000
00000000000000

00000000000000
00000000000000
00000000010010
00000000000000
00000000000000
00000000080000
000006A70A0000
00000000090000
00000000000000
01000000000000
00000040002301
00000050000000
00000000BFFC00
00002300000000

00000000000000
00000230000100
10000000000000
00000000000000
00004000000000
02305000000000
00000000000000
00000000000000
80000000080000
A00000000A0D00
90000000090F01
00000000000F00
00100000000E00
00000000000000

00080000023000
000A0000000000
00090000000000
00000000000000
00010230000000
00000000000000
10000000000000
00000000000800
00BFFC02300A00
00000000000900
00000000000000
00000010000000
00000000000000
00000000100000

10000000BFFC00
00000100000000
00230000023000
00000000000000
00000000000000
00000000000230
00000000000000
00000000000000
10000000000800
00000000800A00
00000000A00900
00000000900000
00001000000000
00000000000000

000BFFC0000000
00000000000000
80000100000001
A0000000001000
90023000000000
00000000001000
000006A7000000
00000000000000
00000000000000
00000000000000
00000230000000
00000000000000
00000000002300
00000000000000

00006A70000000
00000000000000
00000000000000
00001000000000
00000000000000
00000000000230
0000D002300000
0000F000000000
0040F000008010
0050E00000A000
00000000009001
00000000000000
00100000000000
00000000000000

00000000000000
04000000000000
05000000100000
00000000000000
00000000000000
0001004006A700
00000050000000
00000000000800
00000000000A00
00000000000900
10000000000000
000BFFC0000001
00000000000000
00000000023000

