000000000000000
000000000000000
000000008000000
00000000A000000
010000009004000
000000000005000
000000000000000
000010000000010
000000023000000
800000000000000
A000000BFFC0000
900000000000400
000000000000500
000000000010000
000000000000000

002308000000000
00000A000000400
000009040010500
000000050000000
000000000000010
000010000000000
000000000000000
000000000000000
000000000000000
000000000000000
100000D00000000
000000F00000000
000000F006A7000
000000E00000000
000000000000000

000000000000000
000023000000000
000000000040000
000000000050000
000000000000000
000000000000000
23010006A700000
000000000000000
000000BFFC00000
000800000000000
000A00000001000
000900100000000
000000000000000
000000000000000
000000000000001

008000000000000
00A000001000000
00900000006A700
000000000000000
000000000000000
000000000004000
000000000005004
000000000000005
000000000000000
00000BFFC000000
000000000000000
230000000000000
000010000000000
000000000001000
010000000000000

00BFFC000000000
000000000000000
000000000000100
000000000000008
00000000023000A
000000000000009
000010000000000
000000001000000
100000000000000
000000000000000
000000000000000
000000000080000
0000040400A0000
000005050090000
000000000000000

000000000000000
000010000000100
400000000100000
500000000006A70
000000000000000
000000000000000
000000000000000
000000000000000
000000000000000
00023000D000000
00000080F000000
000000A0F000000
00000090E000230
000100000000000
000000000000000

000000000040000
000000000050000
000000000000400
000006A70000500
000000000000000
000000000000000
10000000BFFC000
000000000000000
000001000000080
0000000000000A0
000000000000090
000000100000000
023000000100000
000000000000000
000000000000000

000000023000000
100000000040000
000000000050010
BFFC00000000000
000000000000000
000000001008000
00000000000A000
000000000009000
000002300000080
0000000000000A0
000000000000090
000000000000000
000000000000000
000000000000000
000000000001000

000000000000000
000000000000000
000000000000000
0D0000000000000
0F0002300000000
0F0000000008000
0E001000000A000
000000000009000
000000040000000
000000050000040
000000000000050
010000100000000
000000000000000
000000000000000
0000100006A7000

100008000000000
00000A000000000
000009000001000
000000000000000
000000000400000
000000000500000
00080000000D000
230A0000000F000
00090000000F000
00000000100E000
000001000000000
000000002300000
000000000000000
000000000000000
000000000000000

000000000000000
000000000000000
000080000000010
0000A0000000000
100090000000000
000000000000000
000004000000000
06A705002300000
000000000000000
000000000000000
000000000000000
000010004000000
000000005000000
000000000000000
0BFFC0001000000

000000000008000
00000000010A000
000000000009000
0040D0000000000
0050F0000000000
0000F0000000000
0000E0000000000
000000000400000
008000000500000
00A000000000000
009000000100000
000000040000001
001000050000000
000000000000000
000000000000000

000000000000000
000000000040000
000000000050000
000000000000000
000000000100000
0000000000000D0
0000100000000F0
4080000000800F0
50A0000000A00E0
009000001090000
000000000000000
000000000000000
000000000000000
000000000000000
000001000023000

102300000000000
000000000000000
000000000000000
0000000000D0080
0000000000F00A0
0000000000F0090
0000000000E0000
000000000000000
000000001000400
000040000000500
000050000000008
00000000000000A
000000000000009
000000000000000
010000010000000

000004000000000
000005000000000
001000000000000
0000BFFC0000000
230000000000080
0000000000000A0
000000000000090
080000000000000
0A0000000000000
090000000000000
000000000000100
000000000000000
000000000001000
000000000000000
000002300000010

000000000000000
000000000230004
400000000000005
500000000000000
000000000000000
000000000000000
0000000000BFFC0
010000000000000
000000000000800
000000001000A00
00006A700000900
000000000000000
000000100000000
000000000000000
100000000000000

000000000000000
000000002300000
000000000000008
00000000006A70A
000002300000009
000000000000000
000000000100000
0000D0000000100
0000F0000000000
0000F0000004000
0000E0000005000
000000000000000
000000000000000
000000000000000
010000000010000

000000400000000
0000005006A7000
000100000000000
000000100004000
006A70000005000
000000000000000
0000000D0000000
0000000F0000000
0000010F0000000
0000000E0000000
000000000000000
000000000000000
000000000000040
001000000000050
000000000000000

000000000002300
023000000000001
000001000000000
000000000000000
100000000000000
0000000D0000000
0008000F0000000
000A000F0000000
0009000E0000000
000000000000000
6A7000000000000
000000004000000
000000005000000
000000000000000
000100000000000

000001000000000
000000000000000
000000001040000
000100000050001
000000000000000
000000000000080
0000000000000A0
000400000000090
000500000000000
000000000080000
000000D000A0000
000000F00090000
000000F00000000
000000E00000230
000000000000000

000000006A70000
000000000000000
000000000001000
000000000000000
000000000000000
000000000000000
230000000000000
000800000001000
000A00230000000
000900000D00000
000000000F00001
001002300F00000
000000000E00000
000000000000000
000000000000000

BFFC00000000000
000000000001000
000000400000000
000000500000000
000000000000000
080000000000010
0A0000100000000
090000000000000
000000000000000
000000000000000
800000000004000
A00000000005000
900000000000000
000000001023000
000000000000000

000000230000000
000000000000000
000000000000000
000000000000401
00000000D000500
00010000F000000
00000000F000000
00000000E010230
080000000000000
0A0000000000000
090000000000000
000000000000000
001000000000000
00000006A700000
000000000000000

000000000000000
080000000000000
0A0D00023000000
090F00000000000
000F00000000000
000E04001000000
000005000000000
000000000000000
230000006A70000
000000000000000
000000000000010
000000000000000
001000000000000
000000010000000
000000000000000

000000000000000
001000000000004
000000000000005
800000000000000
A000000D0000000
9000000F0000000
0000040F0000000
0000050E0000000
000000000000000
400000000000000
500000000000000
000000001006A70
000000000000000
000000000000100
000010000000000

00000000000000D
00000000000000F
01000000000000F
00000000040000E
000000000500100
000000000000000
6A7000000000000
000000000000000
000001000000000
000000000000000
000004000001000
00000506A700000
000000000000000
000000230000000
000000000000000

000000010000000
000000000000000
000000010000000
000004000000000
000005000000000
000000000000000
004000023000000
005000000000001
00000000006A700
000000000000000
000000000000000
0000008000BFFC0
000000A00000000
000000900000000
000000000010000

000000080000000
0000000A0000000
000080090000000
0000A0000400000
000090000500000
000000000000000
000000000000000
000000000000000
000000000000001
000000000000000
00D000000000000
00F000002300100
00F000000000001
00E000023001000
000000000000000

000000000000000
000000000000100
000000100000000
000000000000000
000000000000000
000000000000230
000000000000000
000000000008000
00BFFC00000A040
000000000009050
008000000000000
00A000000000000
009000000000400
000000100100500
000000000000000

000000000000000
000000000001000
000000000000000
000000000230000
000000000000000
000000000100000
004000000004000
005000000005000
000000000000000
000100000000000
000000000000000
000000BFFC00010
6A7000000000000
00006A700000000
000000000000000

000000000000040
000000000000050
000000000000000
000000000000000
800000000000000
A00000000000000
902300000100000
000002300000000
000000000000000
6A7000000000000
000000000100000
000000000000000
000000100000000
00000000BFFC000
010000000000000

000000000000000
000000006A70000
000000000000000
010000000000000
000000000000100
000000000000000
00000100D000000
00000000F000000
00000000F000000
00000800E000400
00000A000000500
000009000230000
000000000000004
000000000000005
001000000000000

000080000000000
0000A0000230000
000090000000000
000000000000000
000000000000010
000000000000000
000000000000000
BFFC00000000000
000000000000000
000000000000000
230000000000100
000000000000000
000000000006A70
230000000000000
000100100000000

000000000000000
000000000000000
000000008000001
10002300A000000
000000009000000
000000000001000
000000100000000
00000000BFFC000
000000000000000
000000004000000
000000005000000
000000000000000
000004000000000
000005000000000
06A700000000000

000000000000000
00040000000D000
00050800230F000
00000A00000F000
00000900000E000
000000000000000
000000000001000
023000000000000
000000010000000
000108000000000
00000A000000000
000009000000000
000000000000000
000000000000000
000100000000000

004000000000000
005000000000001
000000000000000
000000000D00000
000000000F00800
000000000F00A00
000002300E00900
000000000000000
000000000000000
000100000000000
000000000006A70
000000023000000
000000000000000
000010000000000
000000000001000

000000000000000
000000BFFC00000
000000000000100
000000010000000
000000000800000
000010000A00000
000000000900000
001000000000000
000000000000080
0000000040000A0
000000005023090
230000000000000
000000000000000
000000000000000
000000000000000

000000000000000
BFFC00002300000
000000000000000
06A700000000000
000000000000000
000000000000000
000000000001000
000000000000000
00000006A702300
000000000000000
000002301000100
000000000000000
000000000000000
000000000000000
000000000000001

000100006A70000
000000000000000
000100000000000
000000000000000
400000000000000
500000000000000
000040000000000
000050000000000
000000000000000
001040000000000
000050000000000
000000080000000
0000100A0000000
000000090000000
000000000BFFC00

000000000000000
6A700BFFC000000
000000000000000
000000000000000
000000000000000
000000000230000
023000100000000
000000000000000
000000000000000
001040000000000
000050000000000
000000010000000
000000000000100
000000000000000
0000000006A7000

000000000000000
000000000000040
000000000000050
000000000000000
000000000000000
000000000000000
001002300000000
000000000000230
00000800D000000
00000A00F000000
00100900F000000
00000000E000001
000000000000100
00000006A700000
000000000000000

000000000000000
000000000000000
000000100000000
80000000BFFC000
A00000000000040
900000000000050
000100010000000
000000000000000
001000000000400
000000000000500
000000002300000
000000000000000
000000000000000
00006A700000000
000000000000000

080000000000000
0A0000000000040
090010000001050
00000006A700000
000400000000000
000500000000000
000000000004000
000010000005000
000000000000000
000000000000000
00D000000000000
00F000000000000
00F001000000000
00E000000000000
000000000000000

00000D000000000
00100F000000000
00000F000000000
00000E000000000
010000040000000
000000050000000
000000000000000
000000000000000
000000000000000
000000000023080
6A70000400000A0
000000050000090
000000000000000
000000000000000
010000000000001

000000000000000
000000000000000
000000000000000
010000000000001
000000000000000
000000000006A70
000000000000000
000000000023000
000002300000000
000000000000000
0008000000D0000
000A000000F0400
0009001010F0500
0000000000E0000
000000000000000

000000000000000
000000000000000
000000000401000
000000000500000
000000000000000
000000000000000
00006A70006A700
100000000000000
00000000D000000
00000230F000000
00100000F000000
00000000E000000
100000000000000
000000023000000
000000000000000

000000000000000
000000000004000
000000000005000
000000000000000
000000001000100
004000000000000
005000000006A70
000000000000000
000000000008000
00000000000A000
002300000009000
000000000000000
00BFFC000000000
000000010000010
000000000000000

000000000000000
000000000000000
000000000010000
000000000000000
0BFFC0000000100
000000000000004
000000000230005
000000000000800
002300000000A00
000000000000900
000000000000000
0006A7000000000
000000001000000
000000000000000
010000000000000

000000000080000
0000000000A0000
000000100090000
000000000000001
000000000000000
000000000000000
000000000000000
000002306A70400
000000000000500
100D00000000000
000F00000000000
000F00023000000
000E00000000000
010000000000000
000000000000000

000000002300010
000800000000000
000A0000D000001
00090000F000000
00000000F000000
00000010E000000
000000000000000
000000000000000
000000000000000
00000000006A700
000000000000000
000000000004000
000000000005000
000002300100000
000000000000000

000000000000000
000000001000000
000000000000000
0000000006A7000
004000000000000
005000000008000
00000000000A000
00000000D009000
00000000F000000
00000000F000000
00000000E001000
000000000000010
000010000004000
000000000005000
000023000000000

004000000000000
005000000000000
000000040100000
000000050000000
000D00000000000
000F00000800000
000F00010A00000
000E04000900000
000005000000000
000000000000000
000000000000000
000000000000000
0000006A7000101
000000000000000
000000000000000

000000000000000
100000006A70000
000000000000000
000000000000000
000010000000000
000000000000000
00000006A700000
400000000000000
500000000000000
000000000000D00
000000102300F00
000000000000F00
000100230000E00
000000000000000
000000000000000

000000000000000
100000000000000
002300000800000
000000000A00001
000004000900000
000005000000000
000000000000000
00BFFC000000000
800000000100000
A00000000000400
900000000000500
000000000000000
000000000000000
000000000000100
000000000000000

000000000000000
002300100000000
000000000023000
000000000000000
00006A700000000
000000000000100
0000000000D0000
0000000000F0000
0000001000F0000
06A7000000E0000
000000000000000
000000000230001
000000000000000
000000000000000
000000000000000

230000000000000
000000000000000
000000000010000
000D00000000000
000F00000002300
000F00000000000
400E006A7000000
500000000000000
000000010000000
000080000000000
0000A0000000000
000090100000000
000000000000000
000000010000000
000000000000000

000000100000000
000000000000000
000000000000000
000006A70000400
000000000040500
000000000050000
000000000000000
023010000BFFC00
000000000000000
000000000000000
008000000000000
00A000000000010
009000000000000
000000000000010
000000000000000

000000000000400
000000000010500
000000000000000
0000000D0000000
0000000F0002300
0000000F0100000
06A7000E0000000
000000000000000
000000000230000
000000000000000
000000000000000
000800000000000
000A01000000000
000900000100000
000000000000000

000230000000000
000000000000010
000000000000000
000000000000000
800000000100000
A00000000000000
900230000000000
000000000000000
000000000010000
000000230000000
00D00000006A701
00F000000000000
00F000000000000
00E000000000000
000000000000000

6A7000000023000
000000000000010
0000000D0000000
0000000F0000000
0000000F0000000
0000000E0000000
000000000230000
000000000000000
000001000000000
100000000000000
000000000000000
0000000006A7000
000010000000000
023000000000000
000000000000000

000000000040000
000002300050000
000000000000000
000000000000000
0000D0000000000
0000F00006A7000
0000F0000000000
0100E0000040010
000000000050000
000000000000000
000000000000000
006A70000000000
000000000000000
100100000000000
000000000000000

0000006A7000000
000000000000000
00000000000000D
00000000000000F
00000000001000F
00001000000000E
000000000000000
000000000000000
000000000000000
000100000000000
000000040000000
000000050000004
000000000002305
000000000000000
0006A7000010000

000000000000230
000000000000000
000023000000000
000000000000000
000000000000000
010080000000000
0000A0000000000
000090000000000
230000000000000
000800000000010
000A00000001000
000900000000000
000000000BFFC00
000100000000000
000000000000000

000000000000000
000000000002304
000000100000005
000000000000000
0000D0000000000
0000F0000000000
0000F0000000000
0000E0000000000
000000000000000
008000000000008
00A01000000000A
009000000001009
400000010000000
500000000000000
000000000000000

000000000000000
000000230000000
000000000000000
000000000000001
000000000000000
000000000000010
00000BFFC000000
000000000000000
080104000000000
0A0005000000800
090000000000A00
000000002300900
000000000000000
001000000000000
000000000000000

000000400000000
000000500000000
000000000000000
000000023000000
000000000000000
000000000000100
0000BFFC0000001
000000000000100
004000000000000
0050000006A7000
000000000000000
000000000000000
000000000000000
6A7000010000000
000000000000000

00000D001000040
00000F000000050
00000F000000000
00000E000000000
400000000000000
50000000006A700
000000001000000
000000000000000
000000000000000
000000000000010
000000000000000
000000801000004
000000A00000005
000000900000000
000000000000000

000000000000230
0000000D0000000
0000000F0000000
06A7000F0000000
0000000E0001000
000000000000000
000000000000000
230000100000800
000100000000A00
000000000000900
010000000000000
000000000000000
000000000000000
000000000000000
000002300000000

000000000000401
0006A7000000500
000000000000000
00000000BFFC000
000000800000000
000000A00000000
000000900000010
000000000000000
000000000002300
004000000000000
005000000001000
000000000000000
000000000000000
001000000000000
000000000000000

000000000040000
000100000050000
000000000000000
000000023008000
00400000000A000
005010010009000
000000000000000
000000000000001
000000000000000
000000000000000
000000000000000
0000006A7000000
000000000000000
000000000000000
00000000BFFC000

6A7000000000000
000000000000000
000000000000010
0000BFFC0010000
000000000000000
000000000100000
000000000000000
000006A70000000
000000000000000
000040000000000
000050000000000
000000000040000
002300000050000
000000010000000
000000000000000

000000000000000
00000006A700000
0D0000000000000
0F0000000000000
0F0000000000000
0E0000000000100
000000000040000
000080000050000
0000A0010000000
040090000000000
050000000400000
000001000500000
000000000000000
000000000000000
000010000000000

000000000000000
000000000000000
000000001000000
000000000000000
0000000000000D0
0000100080000F0
02300000A0000F0
0000000090000E0
000100000000000
0000006A7000000
000000000000000
000000000002300
000000004000000
000100005000000
000000000000000

000080000000000
0000A0000000001
000090002300000
000000000000100
000000000000000
000000000000000
000000100000000
0000000000D0000
0000000000F0000
0000000000F0001
0002300000E0000
000000000000000
000000023000000
000000000000000
6A7000000000000

0000000000D0000
4001000000F0000
5000000000F0000
0000000000E0000
000000000000040
800000000000050
A00000000000000
900000000000000
000000000001004
000010000000005
000000000000000
000000000000080
0000000000000A0
000000001000090
000000000000000

230000000000000
000000000000000
006A70000000000
400000000000000
50100006A700000
000000000000000
000000000000000
0D0000000000400
0F0000000000500
0F0000000000001
0E0000000000000
000000000000000
010000010000000
000000000000000
000000000000000

000000010000000
000000000000000
000000000023000
000000000000000
000002300000000
000000000000010
000008000000000
00100A0000D0000
0000090000F0001
0400000000F0000
0500000000E0000
000000000000000
000000000000000
000000000000000
0000006A7000000

000000000000040
000000000000050
000000000000000
000000000000000
023000000000000
000000000000000
0000000006A7000
0000000D0000000
0000000F0000000
0000000F0010080
0000400E00000A0
000050000000090
000000000100000
000000000000000
010000000001000

000000000000000
000000000000000
0000002300000D0
0000100001000F0
0000000000000F0
6A70000000230E0
000000000000000
000000000010000
000000000000000
0000006A7000000
000000000000000
000000000000000
000000000004000
000000000005000
000000000000001

000000000000000
000000000000000
001000000000000
000000000000400
000000000000500
000000023000000
000000000000100
0000D0000010000
0000F06A7000000
0000F0000000000
0000E0000100000
000000000000000
06A700000000000
000000000000000
000000000002300

000000000000004
000000000000005
0006A7000000000
000000000000000
000000100000000
000000000000000
002300000000000
000000000001000
0BFFC0000000001
000000000000000
000000000000000
000000000000000
000000000000000
000000000002300
0100006A7000000

000000000000000
100000000000000
00000004006A70D
00000005000000F
00230000000000F
00000000400000E
000000005000000
000000000000000
000006A70000000
000000000000000
000000000000000
000000100000000
000000000000000
000000000000001
000000000000100

400100000000000
500000000000000
000040000000000
000050000000000
000000000000000
100000000000000
000000000000000
006A70000004000
000000000105000
000000000000000
00006A700000100
000000000000000
0000000BFFC0000
000000000000000
000000000000000

000000000800000
000000000A00000
400000000900010
500000000000000
000000000000000
0D0000000000000
0F0000000000000
0F0400000000000
0E0500100000008
00000000000000A
001000000000009
000000000000000
000000010000000
000230000000000
000000000000000

000000000000000
000000000000100
000000BFFC00000
000000000000000
000000000000000
001000000000000
00006A700230000
230000000000080
0000000000010A0
000000000000090
000000000000000
000000000000000
000000000000100
000000000000000
000000023000000

100000000000000
000000000000000
000008000000000
0D000A000400000
0F0009000500000
0F0000000000000
0E0002300000000
000000000000000
000000000000000
000000000080000
0040000000A0000
005000000090000
100000000000000
000000000000000
000000010010000

000000000000000
000100004000000
000000005000000
000000000000001
000000000000000
000006A70000000
000000000000000
000000000001000
023000000000000
000000000000100
000802300D00000
000A00000F00000
000900000F00000
000000000E00000
000000000000000

000000000000000
000000000008000
00000000000A000
040000000009000
050000000000000
000000000000800
0000000BFFC0A01
000000000000900
000000000000000
000000000000000
010000010000100
000000000000000
002300230000000
000000000000000
000000000000000

000000000000000
000000000BFFC00
008000100000000
00A000000000000
009000000000000
000000000000000
000000000000000
000000400000400
000080500000500
0000A0000100000
000090000000000
000000000000000
000000000000000
000000100230000
001000000000000

000000000000000
000000000000000
2300006A7000000
000000000000000
000004001000000
000005000000000
000000000040000
000000100050000
000000000000000
000000000001000
000000000000000
00000000BFFC000
000000000000000
0000006A7000001
000000000000000

000004000000000
000005000010000
000000000000004
000000000000005
000000010D00000
000000000F00000
000008000F00000
04000A000E00000
050009000000000
000000000100010
000000000000000
0000006A7000000
000000000000000
000000000000000
000000000000000

000000001000000
010000000080000
0000000000A0000
000100000090000
000000000000230
006A70000000000
000000BFFC00000
000000000000000
000000000000000
000000000001000
000000000000000
230000000004000
000000000005000
000000000000000
000000000000000

000000000000000
000000000000000
0400D0000000000
0500F0000000000
0000F0000000100
0000E06A7000000
000000000000000
023000000000000
000000000000000
000000000023000
000000010000000
080000000000000
0A0000000000000
090000010000000
000000000100000

000000000000000
000002300D00000
000100000F00000
000000000F00010
100000000E00000
000000000000000
000230000000000
000000000000000
000000230000000
000000000000000
00000006A700000
000000000000000
000000000010000
000000000000000
00000006A700000

000000000000000
000000000000000
000001000000000
000000000000000
230000000000000
000006A70000000
001000000000000
000000000000010
000000000000000
000004000000000
00000500BFFC000
000000000000000
000000000000000
000000000000000
0230006A7000001

000000002300000
00000000000D000
00000000000F010
00000000000F000
000006A7000E000
000000000000000
000000100000000
000000000000000
000000000002301
000000000000000
000000000000010
000000000000000
6A7000004000000
000000005000000
000000000000000

000000000004000
00BFFC000105000
000000000000000
000402300000000
000500000006A70
000000000000000
000000000000000
000000000000000
00006A700000000
000000000001000
001010000000000
000000000000000
000000000000000
000000000000000
000000000000000

000000000000000
D0006A700000000
F00000000100000
F00000000000000
E00000000000000
000010002300000
000000000000000
008000000000000
00A001000000000
009000000000010
000000000000000
000000000000000
000000400000000
023000500000000
000000000000000

000000000000010
100000000000000
000000000000000
00000000006A700
000D00000000000
010F00000000000
000F00000000000
000E00000000000
000000000000000
000000000000000
000000080040000
0004010A0050000
000500090000000
000000000000000
000000023000000

000000010000000
008000000000000
00A000000000000
0090000D0000000
0000100F0000000
2300000F0000000
0000000E0000000
000010000000000
000000000000040
000000000000050
000000000080000
0023000000A0000
000000000090000
000000000000000
000010000000000

