4000000000000
5000002306A70
0000000000000
0000000000000
00000006A7000
0100000000000
0000400000000
0D00500000001
0F00000000000
0F00000100000
0E00000000000
0000000000001
0000000000000

8000000400000
A000000500000
9000010000000
0000000100000
0000100000000
0000000000000
0000000000100
0230000000000
0000000000080
00000000000A0
0000000000090
0230000000000
00000BFFC0000

0000000001000
0000000000000
0023006A70000
0000000000100
0000000000000
0000000000000
0000800000400
0000A00000500
0000900000000
0000000000001
0BFFC00023000
0000000000000
0000100000000

0400000000000
0500000006A70
0000000000000
0000000000000
0008040000004
100A050010005
0009000000100
0000000000000
0000000000000
000000BFFC000
0000000000000
0000000000000
0000000010000

0000000010000
0000100000000
0000000001000
000BFFC000000
0000000000080
00000000000A0
0000000000090
0001000000000
0000000000000
2300000080000
00002300A0400
0000000090500
0000000000000

06A7000000000
0000000000000
0000000000010
4000023000000
5000000000000
0000000000080
00000100D00A0
02300000F0090
00000000F0000
00010000E0000
0000000000100
0000000000000
0000000000000

0000000000000
00000D0000000
00000F0400000
00000F0500000
00800E0000000
00A0000000010
0090023000000
0000000000040
0006A70000050
0000000000000
0000000000000
0000000000000
1000000001001

0010000000000
0000000023000
0000000000000
00000006A7000
0000000000000
BFFC0006A7000
0000000000010
0000100000000
4000000000000
5000000010000
0000000000040
0000000000050
0000000000000

0000000000000
000000BFFC000
0000000000000
0000000000000
1000000010230
0000000000000
0000000000001
0006A70000800
0000000010A00
0023000000900
0000000000000
0002300000000
0000000000000

0004000000000
0005000000000
0000010100000
0000000000000
06A7000000000
0000000000040
0000BFFC00050
0100000000000
0000000000400
000006A700500
0000000000000
0000100000000
0000000000000

0000000001000
0000000000000
1002300040000
0000000050000
006A700000400
0000000000500
0000000000000
0000000000000
0000000BFFC00
0000000000000
0000000000000
0000000000000
06A7010001000

0800000000000
0A00000000000
0900000000000
0000000000080
00001000000A0
0000000000090
0000000000000
0230230D00000
0000000F00000
0001000F00000
0400000E00000
0500000000010
0000010000000

6A70000000000
0000000000000
00000D0000000
01000F0000000
00000F0000000
00000E0002300
0000000000000
0000000000000
0010000080230
00000100A0000
1000000090004
0000000000005
0000000000000

0000230000004
0000000000005
0000000002300
0000000000000
0000000000000
0000000000000
0100000000000
0000000000000
0000100000008
000000000000A
0100000000009
0000000000000
00BFFC06A7010

0000000000000
010002306A700
0000000000000
0000000000000
0001000000000
0000000000000
D000000400100
F000000500000
F000000000000
E006A70000010
0000000040000
0000000050000
0000000000000

0000100000000
0000000230000
0000000000000
0000010000000
0000000D00400
06A7000F00501
0000000F00000
0000000E00000
0000000000000
0000000000000
0000006A70000
0100000000000
0000023000000

0000006A70000
0010100000000
0000006A70000
0000000000000
0000000000000
0000004000000
0001005023000
0000000000000
10BFFC0000000
0000000000000
0000002300000
0000000000000
0000000000000

00000006A7000
0040000000000
0050000000004
0000000001005
0000000000000
06A70000D0000
00000000F0000
00010230F0000
00000000E0000
0000000000000
0000000000100
0100000000000
0000000000000

0000000000000
0D00000800000
0F00000A00000
0F00000900004
0E00000000005
0000001000000
0000000000000
0000000400000
0000800502300
0000A00000000
0000901000010
0000000000000
0001000000000

0000000000800
0000000000A00
0080000000900
00A0000000000
0090230000400
000000010050D
000000000000F
000000000000F
100000102300E
0000000000000
0000000000100
0000000000000
0000000000000

0000000000000
0000000000040
0010000000050
0000040000000
000D0506A7000
000F000000001
000F000000000
000E000040000
0000008050100
000000A000000
0010009000000
0000000000000
0000000000000

D000000000000
F000000400000
F001000500008
E00001000000A
0000000000009
0000002300400
0000000000500
0010000000000
1000000000000
000000006A700
0000000000000
0000000000000
0000000000000

00D0000000000
00F0006A70000
00F0000000010
00E0000000000
0000000000004
0010000100005
0000800000000
0000A00000000
0000900000000
0000000000230
0000001000000
2300000000000
0000000000000

0000010000000
0000000000000
0100230000000
0000000000000
00000D0000000
00000F0000000
6A700F0000000
00000E0000000
0000000023000
6A70000000000
0000040100000
0000050000001
0000000000000

0000002300010
0000000000000
0010000000000
0000000000000
00D0000000000
00F0000000000
00F006A706A70
00E0000000000
0000000000000
0000000000000
0000100000100
0000000000000
0023000230000

0000000000100
0000010000000
4000000000000
5000023000000
0000000000000
8000000000000
A0006A7000000
9000000000000
0000000000000
BFFC000000000
0000000101000
0230000000000
0000000000000

0000000000000
0000000100004
0000000000005
0000006A70000
0000000000010
0000000100000
0002300006A70
0000000000000
00000BFFC0000
0000000000000
0100000000004
0000000000005
0000000000000

0000000000100
0100000000000
000000106A700
0000000000000
0000230000000
0000000000000
0000000000000
00040006A7000
0005000000000
0000000000000
0010230000000
0000000000000
0000BFFC00000

0000000000000
0000000000040
0000000000050
0000000000000
0001000000230
0D00000000000
0F00000000000
0F00008002300
0E0000A000000
0000809000000
0000A00001000
0000900000010
0010000000000

0000000006A70
0000000000000
0000000000401
2300BFFC00500
0000000000000
0000010000001
0000000080000
00000000A0000
0000000090000
2300000000000
0000000000000
0000000000000
0000000000001

000006A700000
0010000000230
0000000000000
0000400000000
0000500000000
0100000000408
000000001050A
0000000000009
0D00000000000
0F00000000000
0F00100000000
0E00000000000
0000000000000

0023000000000
0000001004000
0000000005000
0000000000000
0010000000001
000006A700000
4000000008000
500BFFC00A000
0000000009000
0000000000000
0001000000000
0000000000000
0000000000000

0000000004000
0000000005000
000D000000000
000F000000000
000F004000000
000E00506A700
0000000000000
0000000001000
0100004000000
0000005000000
0000000000000
00100006A7000
0000010000000

0000000010000
0008000000000
000A000000230
0009000D00000
8000000F00100
A000010F00000
9000000E00000
0000000000000
4000000000000
5000000000000
0000010000000
0000000002300
0000000000000

0000040000000
0000050000000
0D00000000000
0F00000100010
0F00080000000
0E040A0000000
0005090000000
0000000000000
0000000000000
0008000000010
000A000000000
0009000023010
0000000000000

0000000000000
0000000000000
0000000001000
0000000400001
0001000500D00
0000000000F00
4000000000F00
5000000040E00
0000080050000
06A70A0000000
0000090000000
0000000000000
0001000000000

0100000001000
0000000000008
0006A7000000A
0000000000009
0000100000000
00D0000000230
00F0000000000
00F0000000000
00E0000000000
0000000000230
0000000000000
0023000000000
0000000000100

0000000002300
0400000000000
0500000080000
00000010A0000
0000000090000
0000000000000
00006A7000000
0000000010000
0000000000000
BFFC000000000
0000000000000
1000000230000
0000010000000

0000000000000
0000004000000
0000005000000
0002300000010
1000000000000
0000000000D00
0000000000F00
0000000000F00
8040000000E00
A050000100000
9000000000000
000006A700000
0000000000001

0004000000000
1005000100000
0000000000000
0000000002300
0000004000000
000D005000000
000F000000000
010F000000000
000E001000000
0800000000000
0A00000000000
0906A70000000
0000000000000

0000040406A70
0000050500000
0000000000000
0100000000000
0000004001000
0000005000000
BFFC000000000
0000000000000
0000000000000
0006A70010000
0000000000000
0000000000000
0000000010000

0000000000000
0000000010000
0000000000001
0000000000000
0000000000100
4000004000000
5000005000000
006A700000000
0000000400000
0000000506A70
0000000000000
0000000000000
0BFFC00000100

0000000000000
4001000000400
5000000000500
0006A70000000
0000000000000
0000000006A70
1000000000000
0000000000010
0040000000000
105000BFFC000
0000000000000
0000000000000
0000000000000

0000000002300
0000000000000
0000100000040
0000000000050
00001006A7000
1000000000000
0000000000000
0000000010000
0000000000D00
0000000000F00
0006A70000F00
2300000000E00
0000000000000

0004000100000
0005000000040
1000000000050
0000000230000
006A700000000
0000000000000
06A7000010000
0000000000000
0000000000000
000BFFC000000
0000000000010
0000000000000
0000000000000

0001000010230
0000000000000
0000040000000
0100050000000
0000000000004
0000000000005
0D00100000000
0F00000000000
0F00000000000
0E00000000000
0000000000000
6A7000006A700
0000000000000

0100000001000
00000000000D0
00000000000F0
00000000000F0
00000000000E0
0000006A70000
0040000000000
0050000010000
0000000000000
0000230000400
0000000000500
06A7000000001
0000000000000

0000000000000
0000000000001
0800100000000
0A00000000230
0900000000000
0000000D00000
0230000F00080
0000000F000A0
0000000E00090
0000000000000
1002300100000
0000000000000
0000000000000

0000D00000000
0000F01000000
0040F00000000
1050E00002300
0000000000000
0040000000000
0050000000000
0000010000000
0800000000000
0A00000006A70
0900010000000
0000000000000
0000000000000

0010000000001
0000000000000
000006A700000
0004000000000
0005000000000
0000000000080
00BFFC00000A0
0000000000090
0230000000000
0000000010100
0400000000000
0500000000000
0000000000000

0010000000000
0000000000000
4000000002300
5000010000000
000D000000000
000F0106A7000
000F000000000
040E000000000
0500000000000
0000001006A70
0000000000000
0000000000000
0000000000000

0000000400000
0000000500000
000800000010D
000A00000000F
000900000000F
010000000000E
0000000000000
06A7000000000
0000000000000
4000000000000
5000000002300
0000000000000
0001001000000

0800000004001
0A00000005000
0900000000000
000BFFC000000
0000000000001
000006A700000
0000000000000
0000100000000
0000000000000
0000000400000
0010000502300
0000000000000
0000000000000

0000000004000
0000000005000
0000100000000
0000000000000
0000000001000
0008040000010
000A050000000
4009000000000
500000000000D
000000000000F
000000100000F
000000000000E
000000006A700

8000000000000
A000006A70000
9000000000000
0000000000000
0000000000230
0000000000000
0001000000000
0D00000023001
0F00000000000
0F01000000000
0E00000000000
0000000000001
0000230000000

0000000010000
000000000000D
000000400000F
000400500000F
000500000000E
1000000000100
0000000000000
0000000000000
0000000002300
0800000000000
0A00000000000
090000006A700
0000010000000

0100000000010
0000000000000
0040002300010
0050000000000
0000000000000
0000080023000
00000A0000000
000D090000000
000F00006A700
000F000000000
000E000000000
0000000000000
0000000010000

0000023000000
0100000000000
0000000000000
0000040010000
0000050000001
0000000000000
0BFFC00000800
0000000000A00
0023000000900
0000000000000
00006A7000000
0000000000000
1000000000000

0000000000000
00000BFFC0000
0000000000800
0000000010A00
0400001000900
0500000000000
0000000000000
0000000004010
0000000005000
0000000400000
0000000500000
0000000000100
0006A70000000

0000000000100
0000000000000
0000010000000
0000000002308
010040000000A
0000500000009
0080000000000
00A00000BFFC0
0090000000000
0000000100000
0000400000000
0000500000000
0000000000000

4000000010000
5000000000000
0000000008000
000000000A040
0000001009050
0000000000000
0010000800000
0000000A00000
0001000900400
0000000000500
0000000000000
0000000000000
0000BFFC00000

00000D0000000
00000F0400010
00000F0500000
00000E0000000
0000000000000
0000000000000
0000000000000
0006A70000000
0000000104004
0106A70005005
0000000000000
0000000000000
0100000000000

0023000000000
0000000000000
6A70000000000
00000D0000000
00000F0000100
04000F0000000
05000E0000000
0000000000000
0004000001000
0005000000000
0000006A70000
0100000000000
0000000010000

0000000000000
0000000080000
00000000A0000
0000000090100
1000000000000
0000000000000
0000100BFFC00
0230000000000
00006A7000004
0000000000005
1040000000000
0050000000000
0000000000000

1000000000000
00BFFC0000000
0000000080000
00000000A0100
0000000090000
0010010000000
0000000000800
0400000000A00
0500230000900
0000000000000
0000000000000
0002300000000
0000000000000

0006A70000010
4000000000000
5000000000000
0000000000000
0000000000040
0000000000050
0000BFFC00000
0000000000080
00000001000A0
0100000000090
0002300001000
0000000000000
0000000000000

0000100000000
0000000000010
00000000D0000
00000000F0000
00000000F0000
02300000E0000
0000000000000
0000100008000
000000000A000
0040000009000
005006A700000
0000000000000
0000001023000

0000000000000
000004006A700
0000050000000
0000000000000
0000000000000
0000000000000
000006A700004
1040000000005
0050100010000
0000000000000
0000000000000
0000000000000
00100BFFC0000

0100000000000
0000010000000
0000000000000
0000008080000
000000A0A0000
0100009090000
0000000000000
BFFC000000000
0000000000000
0000000001000
0000002300004
0000000000005
0000023000000

D000001000000
F000000004000
F000000005000
E000000000000
0000000000000
0000100000000
0000000002300
0000000000001
00004006A7000
0000500000000
0000000000000
0000000010000
00006A7000000

0000D00000000
0230F00008000
0000F0000A010
0000E00009000
0000000000004
0000010023005
0000000000000
0000000000000
0100000000000
0000000000000
0100000000000
000006A700000
0000000000000

0000000000000
0000000000000
0000000000000
0000000000000
02300BFFC0008
000000000000A
0000800000009
0000A01000000
0000900000230
0000000100000
0230000000101
0000000000000
0000000000000

0000000000000
0000000000000
0000000040010
0000000050000
00006A7000000
0010000000000
000000006A700
0000000000000
00000000000D0
40000100000F0
50000000000F0
00102300000E0
0000000000000

0000000800100
0000000A00000
0000000900000
0000000000000
0000000000000
0000100000000
000000BFFC000
0023000000001
0000000000000
0000230010000
0000000000000
0000230000000
00000006A7000

0000000000010
0000000000000
6A70000000000
0000001000100
0000000000000
0000000000000
0000000000000
0000000230000
1000000000400
0000000000508
000BFFC00000A
0000000000009
0000000002300

0000000000004
0000800000005
0000A00000000
0100901000000
0000000000000
0000000000800
0000000000A00
000000D000900
000000F000000
000010F000000
000000E000404
0000000000505
0000100000000

0000000000100
0004000000000
0005010000000
000000006A700
0000000000000
0040000000000
005000000000D
100000000000F
000000000000F
023001000000E
0000000000000
0000000006A70
0000000000000

0000000000000
006A700000000
0000000230000
2300000000000
000001006A701
0000000000000
00000D0000000
00000F0000000
00000F0000000
00000E0000010
0004000000000
0005000000000
0000000001000

0000000000000
00040006A7000
0005000000000
0000001000000
0000000000000
0800001000000
0A00000000004
0900000000005
00000000D0000
00000000F0000
00010000F0000
00000010E0000
0000000000230

0000004000000
0000005000000
0000000000000
0000000000000
0100040000080
00000500100A0
0000000000090
0000000000000
400000000D008
500000000F00A
000000000F009
000100000E000
0100000000000

4001000000000
5000000000100
0002300000000
0000000000000
0000100230000
0000000000000
0000000000000
0BFFC00000000
0000000000000
0000000000000
06A70006A7000
0000000000000
0000000001000

0000000000010
0000000000000
0000000000000
0000000004000
006A700005000
0000000000000
4000000001000
5000000000000
006A70BFFC004
0000000000005
0000100000000
0000000000000
0010000000000

1010000000000
0000002300000
4000000000230
5000000000000
0000800000000
0000A06A70000
0000900000000
D000000000000
F000000000100
F000000000000
E000000000000
0000000000000
0000000000100

0004000000000
0805004000000
0A00005000000
0900000000000
0000000000000
000006A700000
000100000000D
000000100000F
000000000010F
000000000000E
2300000000000
0000000000000
0000000010000

0000000000000
0000000000000
0000000000000
0100000010000
0000023000000
0000000000000
0000000000000
0008000000D00
230A008000F00
000900A000F00
0000009000E00
0000000000000
1010000023000

0000001000040
0000000000050
0010000000000
000006A700000
BFFC000000000
0000000002300
0000000000000
0000000008010
000000000A000
0004000009000
0005000000000
0000000000001
0000000000000

0000080000000
04000A0000000
0500090000000
0000000000000
0006A70000000
0000000000000
00BFFC0000000
0000000000001
0100000002300
0000000000000
1010000400000
0000000500000
0000000000000

00000000D0000
00001000F0100
6A700000F0000
00000000E0004
0000000000005
0000000000000
0000008000000
002300A000000
0000009000000
0000000000000
0000000001000
0002300000000
1000000000000

0000000000000
0000000000080
00000000000A0
00000010D0090
00000000F0000
23002300F0000
00000000E0000
0000000000000
0002300100000
0000000000000
006A700000100
0000000000000
1000000000000

0080000000000
00A0000000100
0090000000000
0000000000000
000000006A700
0000000000000
0000000001000
0040000000000
0050004000000
00000050BFFC0
0040000000000
0050000100000
0000010000000

0800004000000
0A00005000000
0900000000000
0000000000000
1000000000000
0000000000000
00800D0000000
00A00F0000000
00900F0023000
00000E0000001
0000000000000
0010000000010
0000023000000

4000000000001
5000000000000
0000000000000
00000BFFC0000
0001000000000
0000000000000
0000002300000
0000100000040
00000006A7050
0000000000000
006A700000000
0000000000000
0000000100000

0000000000000
0000001000000
0000000000000
0023040000000
0000050BFFC00
0000000000000
0000000000000
000006A700010
0000000004000
0100000005000
000006A700000
0100000000000
0000000000000

0000001000D01
0000000000F00
0002300000F00
0000000040E00
0106A70050000
0000000000000
0000000000000
0000000000000
0108000000000
000A023000000
0009000000000
0000000000000
0000000000000

0000000000000
0000000800000
0BFFC00A00004
0000000904005
0000000005000
0000000000000
0000000100000
0000000000000
0800010000000
0A00000100000
0900100000000
0000000000000
0023000000000

0000000100001
0000000000000
0000004000000
0000005000000
8000000000000
A000000000000
9000000000000
000BFFC000000
0000000000010
0230080000000
00000A0000000
0023090000000
0000000000001

0000002300000
0000000000000
000BFFC004000
0000000005001
0010000000000
0000000000000
0000000000000
00006A7010000
0000000000000
0000000010000
0000000000000
00006A7023000
0000000000000

0000000000000
0000800000010
0000A00000000
0040900000000
0050000000000
0000BFFC00800
0000000000A00
0004000000900
0005000100000
0000000000000
0000000000000
0000000000000
2300000100001

0000010000000
0000000080000
0BFFC000A0000
0000000090001
0000000000000
0400000000000
0500000000080
00002300000A0
0000000000090
0000000230000
0000000000000
0010000000010
0000000000000

0000000000800
0000100100A0D
000000000090F
004010000000F
005000010000E
0000000000000
0000000000000
0000000006A70
0000000000000
0000000000000
0000000000040
0000023000050
0000000000000

